[1] 24908     9
[1] TRUE
[1] 24908     8
start par. =  1 1 1 fn =  99054.96 
At return
eval:  55 fn:      87465.835 par: 1.99573e-07 0.572468 0.568180
(NM) 20: f = 87465.8 at 1.99573e-07    0.572468     0.56818     0.63732   0.0326547   0.0795661   0.0637021   0.0195446    -0.11965   0.0850671    0.983382     1.40887   -0.968463    -1.41522    0.036057   0.0453468    0.085139    0.640356
(NM) 40: f = 87465 at 1.48141e-07    0.572195    0.568276    0.613352   0.0367764   0.0836888   0.0678106   0.0236473   -0.118575   0.0861244    0.992171     1.39656     -0.9597    -1.42005   0.0369639   0.0470086   0.0895647    0.657425
(NM) 60: f = 87465 at 1.48141e-07    0.572195    0.568276    0.613352   0.0367764   0.0836888   0.0678106   0.0236473   -0.118575   0.0861244    0.992171     1.39656     -0.9597    -1.42005   0.0369639   0.0470086   0.0895647    0.657425
(NM) 80: f = 87464.8 at 2.87276e-07    0.572736    0.567662    0.620929   0.0340935   0.0826691    0.066009   0.0200085    -0.11981   0.0860448      0.9746     1.41123     -0.9806    -1.42788   0.0370361   0.0473724   0.0910888      0.6689
(NM) 100: f = 87464.8 at 2.53166e-07    0.572334    0.567947    0.618039    0.029953   0.0796125   0.0624507   0.0152557   -0.118962   0.0862457    0.979481     1.40741   -0.970705    -1.41461   0.0364002   0.0486347   0.0939611    0.688309
(NM) 120: f = 87464.8 at 2.70569e-07    0.572969    0.568505    0.614135   0.0318222   0.0800953   0.0633451   0.0185366   -0.118973   0.0860686    0.989631     1.40241    -0.97554    -1.41561   0.0368184   0.0483442   0.0935615    0.664731
(NM) 140: f = 87464.8 at 2.47264e-07     0.57273    0.567385    0.613809   0.0319365   0.0788936   0.0635594   0.0185963   -0.119145   0.0866811    0.979483      1.4101   -0.972194    -1.41598   0.0372129   0.0484852   0.0934596     0.66774
(NM) 160: f = 87464.7 at 2.45505e-07     0.57177     0.56767     0.61518   0.0319675   0.0798471   0.0631909   0.0186715   -0.118882   0.0865791    0.979329     1.40639   -0.972595    -1.41419   0.0370543   0.0483609    0.093195    0.665849
(NM) 180: f = 87464.7 at 2.46193e-07    0.572186    0.567891    0.616139   0.0289545   0.0801332   0.0646824   0.0184429   -0.118821   0.0865224    0.983119     1.40595   -0.968937    -1.41642   0.0371459   0.0482209   0.0929732     0.66224
(NM) 200: f = 87464.7 at 2.60936e-07    0.572332    0.567942    0.614523   0.0317737   0.0818131   0.0644139    0.017987   -0.118659   0.0863491    0.982262     1.40694   -0.970876    -1.41807   0.0370786   0.0475387   0.0925121    0.661711
(NM) 220: f = 87464.7 at 2.60936e-07    0.572332    0.567942    0.614523   0.0317737   0.0818131   0.0644139    0.017987   -0.118659   0.0863491    0.982262     1.40694   -0.970876    -1.41807   0.0370786   0.0475387   0.0925121    0.661711
(NM) 240: f = 87464.7 at 2.67824e-07    0.572199    0.567991    0.612319   0.0315649    0.081689   0.0656717     0.01853   -0.118564   0.0863582    0.983834     1.40693   -0.967342    -1.41652   0.0370039   0.0472424   0.0924292    0.654928
(NM) 260: f = 87464.7 at 2.77814e-07    0.572637    0.567799    0.613978   0.0338849   0.0830701     0.06649   0.0201138   -0.118799    0.086264    0.982064     1.40783    -0.96879    -1.41846     0.03691   0.0464673   0.0911047    0.645513
(NM) 280: f = 87464.7 at 2.936e-07  0.572726  0.567803    0.6124 0.0329737 0.0836464 0.0664792  0.019441  -0.11859  0.086327  0.981947   1.41069 -0.968372  -1.41825 0.0368245 0.0460926 0.0903024  0.646992
(NM) 300: f = 87464.7 at 2.936e-07  0.572726  0.567803    0.6124 0.0329737 0.0836464 0.0664792  0.019441  -0.11859  0.086327  0.981947   1.41069 -0.968372  -1.41825 0.0368245 0.0460926 0.0903024  0.646992
(NM) 320: f = 87464.7 at 3.03276e-07     0.57254    0.568148    0.611781   0.0330972   0.0847422   0.0665591   0.0216562   -0.118482   0.0863262    0.980814     1.40901   -0.968329     -1.4178   0.0367937   0.0455155   0.0900301    0.640564
(NM) 340: f = 87464.7 at 3.03276e-07     0.57254    0.568148    0.611781   0.0330972   0.0847422   0.0665591   0.0216562   -0.118482   0.0863262    0.980814     1.40901   -0.968329     -1.4178   0.0367937   0.0455155   0.0900301    0.640564
(NM) 360: f = 87464.7 at 2.90332e-07    0.572373    0.568022    0.610988   0.0338334   0.0835409   0.0664959   0.0203518   -0.118531   0.0865839    0.982471     1.40839   -0.967843    -1.41609   0.0365728   0.0460335   0.0905093    0.645927
(NM) 380: f = 87464.7 at 2.93661e-07    0.572392    0.568024    0.610583   0.0338445    0.083767   0.0666055   0.0207378   -0.118544   0.0865845    0.982293     1.40857   -0.967907    -1.41587   0.0365306   0.0458967   0.0904157    0.645475
(NM) 400: f = 87464.7 at 2.96683e-07    0.572347    0.567969    0.609987   0.0350541   0.0846919   0.0674194   0.0231787   -0.118538   0.0863715    0.981596     1.40844   -0.967843    -1.41632   0.0364164   0.0453814   0.0896616    0.641233
(NM) 420: f = 87464.7 at 3.07785e-07    0.572325    0.567884    0.609966   0.0352679   0.0847928   0.0674432   0.0229127   -0.118677   0.0863966    0.982046     1.40802   -0.967523    -1.41487   0.0362133   0.0453502   0.0894925    0.641047
(NM) 440: f = 87464.7 at 3.01007e-07    0.572319    0.567805    0.610797   0.0350855   0.0845372   0.0671743   0.0220538   -0.118512    0.086355    0.982252     1.40817   -0.968354     -1.4163   0.0364078   0.0454317   0.0895644    0.643721
(NM) 460: f = 87464.7 at 2.98431e-07    0.572358    0.567964    0.609767   0.0358892   0.0848248   0.0675045    0.023386   -0.118618   0.0863957    0.982005     1.40705   -0.967739    -1.41527    0.036245   0.0453278   0.0894102    0.641946
(NM) 480: f = 87464.7 at 2.98716e-07    0.572344    0.567859    0.610676   0.0353002   0.0843865   0.0671652   0.0224646   -0.118629   0.0863198    0.982603     1.40727    -0.96743    -1.41536    0.036395   0.0456197    0.089134    0.643059
(NM) 500: f = 87464.7 at 3.07505e-07    0.572383    0.567894      0.6096   0.0353829     0.08442   0.0673575   0.0228896   -0.118602   0.0863236    0.982853     1.40712   -0.967265    -1.41415    0.036345   0.0453962   0.0888465    0.641454
(NM) 520: f = 87464.7 at 2.99354e-07    0.572399    0.567934    0.610241   0.0354254   0.0847626    0.067643   0.0224579   -0.118749   0.0863234    0.982642     1.40721    -0.96734    -1.41512   0.0363648   0.0456548   0.0887716    0.642553
(NM) 540: f = 87464.7 at 3.11167e-07    0.572387    0.567955    0.610288   0.0357753    0.085101   0.0681281   0.0231392   -0.118793    0.086229     0.98247     1.40725   -0.967592    -1.41548   0.0363047   0.0455398   0.0877423    0.640208
(NM) 560: f = 87464.7 at 3.18046e-07    0.572427    0.567886    0.610066   0.0360185   0.0848963   0.0681062    0.022565   -0.118764   0.0862098    0.983001     1.40708   -0.967604    -1.41464   0.0362367   0.0456517   0.0870548    0.641396
(NM) 580: f = 87464.7 at 3.2289e-07   0.572341   0.567852   0.609642  0.0361968  0.0849971  0.0685226  0.0230433  -0.118762  0.0862026   0.982478    1.40785  -0.967732   -1.41549  0.0363718  0.0454457  0.0866484   0.639639
(NM) 600: f = 87464.7 at 3.2972e-07   0.572349   0.567848   0.609949  0.0362094  0.0851034  0.0687369  0.0229651  -0.118815  0.0861114   0.982949    1.40771  -0.968377    -1.4155   0.036195  0.0457105  0.0859886   0.640688
(NM) 620: f = 87464.7 at 3.2972e-07   0.572349   0.567848   0.609949  0.0362094  0.0851034  0.0687369  0.0229651  -0.118815  0.0861114   0.982949    1.40771  -0.968377    -1.4155   0.036195  0.0457105  0.0859886   0.640688
(NM) 640: f = 87464.7 at 3.26976e-07     0.57228    0.567925    0.609737   0.0359388   0.0851414   0.0686202   0.0229902   -0.118835   0.0861092    0.982632     1.40768   -0.968774    -1.41542   0.0362513   0.0458369   0.0860546    0.642332
(NM) 660: f = 87464.7 at 3.30313e-07    0.572242    0.567925    0.609879   0.0361029   0.0850084     0.06876    0.023153   -0.118896     0.08608    0.982648     1.40735   -0.968418    -1.41513   0.0362067   0.0459252   0.0856394     0.64189
(NM) 680: f = 87464.7 at 3.3287e-07     0.5723   0.567928   0.609793  0.0358559   0.084793  0.0687561  0.0226367  -0.118839   0.086122   0.982808     1.4079  -0.968556   -1.41552  0.0362237  0.0459118  0.0857648   0.642086
(NM) 700: f = 87464.7 at 3.3893e-07   0.572372   0.567983   0.609674  0.0359701  0.0847474  0.0689169  0.0227383  -0.118889  0.0860804   0.983043    1.40814   -0.96825   -1.41552  0.0361734  0.0460072  0.0850678   0.641046
(NM) 720: f = 87464.7 at 3.29854e-07    0.572297    0.567987    0.610028   0.0356008   0.0846231   0.0685932    0.022658   -0.118847   0.0861593    0.982752     1.40854   -0.968422    -1.41632   0.0362493   0.0458932   0.0862091    0.642022
(NM) 740: f = 87464.7 at 3.37908e-07    0.572284    0.567997    0.609684   0.0357706     0.08462   0.0686545   0.0229698   -0.118859   0.0861734    0.982558     1.40861   -0.968348     -1.4161   0.0362078   0.0458294   0.0857181    0.641111
(NM) 760: f = 87464.7 at 3.40808e-07    0.572302    0.568009    0.610026   0.0357754   0.0843196   0.0686722   0.0226674   -0.118865   0.0861968     0.98304     1.40883   -0.968179    -1.41664   0.0361343   0.0458516   0.0857416    0.641093
(NM) 780: f = 87464.7 at 3.50463e-07     0.57227    0.568041    0.609949   0.0356285   0.0840419   0.0686408   0.0224764   -0.118859   0.0861865    0.983115     1.40893   -0.968351    -1.41639   0.0361116   0.0460007   0.0850683    0.641318
(NM) 800: f = 87464.7 at 3.47103e-07    0.572289    0.568097    0.610304   0.0352772   0.0838275   0.0683261   0.0223656   -0.118848   0.0862334    0.983021     1.40929   -0.968166    -1.41688   0.0361367   0.0459437   0.0858338    0.641038
(NM) 820: f = 87464.7 at 3.60184e-07    0.572336     0.56814    0.610174   0.0354342   0.0840143   0.0684623   0.0224396   -0.118847   0.0861536    0.983168     1.40953   -0.968281    -1.41702   0.0360969   0.0458423   0.0850047    0.639707
(NM) 840: f = 87464.7 at 3.57252e-07    0.572273    0.568131    0.610124   0.0354303   0.0837872   0.0683717   0.0225501   -0.118866   0.0861719     0.98296     1.40891   -0.968215    -1.41636   0.0360871   0.0460126   0.0849715    0.641012
(NM) 860: f = 87464.7 at 3.61941e-07    0.572236    0.568101    0.610451   0.0351406   0.0833291    0.068088   0.0218944   -0.118771   0.0862273    0.983178     1.40919   -0.968164     -1.4167   0.0360824   0.0459292   0.0853634    0.641692
(NM) 880: f = 87464.7 at 3.76206e-07    0.572199    0.568203    0.610934   0.0350192   0.0832462   0.0675172    0.022199   -0.118712   0.0861951    0.982799     1.40869   -0.968222     -1.4167   0.0360553   0.0457425   0.0851013    0.640459
(NM) 900: f = 87464.7 at 3.83143e-07    0.572245    0.568223    0.610801   0.0350306   0.0832368   0.0673326   0.0222373   -0.118718   0.0861531    0.982782     1.40825   -0.967968    -1.41603   0.0360506   0.0457244   0.0846819    0.640257
(NM) 920: f = 87464.7 at 3.84755e-07    0.572227    0.568177     0.61093   0.0348296   0.0832972   0.0671082   0.0219327   -0.118681   0.0861993    0.982594     1.40801    -0.96815    -1.41574   0.0360484   0.0455756   0.0851804    0.640953
(NM) 940: f = 87464.7 at 3.99457e-07    0.572223    0.568201    0.611321   0.0343276   0.0827396   0.0667585    0.021209   -0.118637   0.0862263    0.982462     1.40874   -0.968271    -1.41629   0.0360822   0.0455335   0.0851071    0.641033
(NM) 960: f = 87464.7 at 4.03504e-07    0.572188    0.568137    0.611489   0.0344475   0.0824987   0.0663553   0.0211955   -0.118645   0.0862784     0.98211     1.40758   -0.967921    -1.41547   0.0360566   0.0454254   0.0853066    0.642307
(NM) 980: f = 87464.7 at 4.13997e-07    0.572266    0.568129    0.611528   0.0343793   0.0826742   0.0666572   0.0209011    -0.11874   0.0862444    0.982135     1.40801   -0.968129    -1.41578   0.0360557   0.0453212   0.0850629    0.641194
(NM) 1000: f = 87464.7 at 4.23372e-07     0.57226    0.568149    0.611785   0.0344272   0.0825282   0.0664051   0.0210123   -0.118762    0.086237    0.981835     1.40772   -0.968036    -1.41588   0.0360518   0.0452381   0.0847982    0.640933
(NM) 1020: f = 87464.7 at 4.32784e-07    0.572225    0.568105    0.611828   0.0343897   0.0825252   0.0664325   0.0209593   -0.118802   0.0861842     0.98145     1.40757   -0.968345     -1.4157   0.0360874   0.0451889   0.0845237    0.641198
(NM) 1040: f = 87464.7 at 4.35677e-07    0.572336    0.568158    0.612039    0.034268   0.0822288   0.0664423   0.0205466   -0.118855   0.0861909    0.982057     1.40791   -0.967959    -1.41597   0.0360444   0.0453395   0.0841713     0.64118
(NM) 1060: f = 87464.7 at 4.43771e-07    0.572265    0.568158     0.61224   0.0342178   0.0819798   0.0660793   0.0205536   -0.118846   0.0861899    0.981625     1.40729   -0.968008     -1.4157    0.036057   0.0452567   0.0842471    0.641779
(NM) 1080: f = 87464.7 at 4.38307e-07    0.572349    0.568192    0.611796   0.0342788   0.0822977   0.0664441   0.0207072   -0.118892   0.0861535    0.982001     1.40791   -0.967988    -1.41576   0.0360684   0.0453241   0.0840844    0.640756
(NM) 1100: f = 87464.7 at 4.45486e-07    0.572313    0.568202    0.612107   0.0339819   0.0822191   0.0661033   0.0206779   -0.118939   0.0861107    0.981513     1.40745    -0.96802    -1.41557   0.0361294   0.0452477   0.0843046    0.641179
(NM) 1120: f = 87464.7 at 4.46942e-07    0.572312    0.568221    0.612252   0.0337858      0.0822   0.0660247   0.0206672   -0.118984   0.0860681    0.981377     1.40743   -0.968028     -1.4156   0.0361711   0.0452737   0.0844039    0.641271
(NM) 1140: f = 87464.7 at 4.5242e-07   0.572333   0.568189   0.612347  0.0339165  0.0819788  0.0660023  0.0204534   -0.11898  0.0860698   0.981549    1.40744  -0.967995   -1.41561  0.0361378  0.0453227  0.0839293   0.641791
(NM) 1160: f = 87464.7 at 4.55648e-07    0.572382    0.568232     0.61243   0.0336378   0.0819954   0.0659559   0.0204676   -0.119057    0.086009    0.981386     1.40749   -0.967935    -1.41553   0.0361792   0.0453332   0.0840439    0.641464
(NM) 1180: f = 87464.7 at 4.52385e-07    0.572364    0.568184    0.612452   0.0336368   0.0819552   0.0661163   0.0204019   -0.119052    0.086015    0.981477     1.40763   -0.967973    -1.41566   0.0361804   0.0453636   0.0841826    0.641612
(NM) 1200: f = 87464.7 at 4.52101e-07     0.57235    0.568182    0.612465   0.0337835   0.0821927   0.0659602   0.0207343   -0.119087   0.0859825     0.98127     1.40705   -0.967841    -1.41532   0.0362099   0.0452911   0.0841299    0.641543
(NM) 1220: f = 87464.7 at 4.64865e-07     0.57238    0.568213    0.612629   0.0334166   0.0817127   0.0658134   0.0203488   -0.119126   0.0859272    0.981256     1.40723   -0.967834    -1.41528    0.036225   0.0453944   0.0837745    0.641996
(NM) 1240: f = 87464.7 at 4.59841e-07     0.57233    0.568179    0.612703   0.0332899   0.0815983   0.0657393   0.0202811    -0.11909   0.0859858    0.981319     1.40739   -0.967778    -1.41547   0.0362301    0.045366   0.0842464    0.642359
(NM) 1260: f = 87464.7 at 4.59589e-07    0.572339    0.568119    0.612443   0.0334116   0.0816198   0.0659604   0.0203361   -0.119103   0.0859804    0.981478     1.40728   -0.967673    -1.41514   0.0362115    0.045349    0.084201    0.642118
(NM) 1280: f = 87464.7 at 4.656e-07  0.572335  0.568094  0.612319  0.033406 0.0815933 0.0660358 0.0205589 -0.119168 0.0859037  0.981372   1.40712 -0.967579   -1.4149  0.036239  0.045334 0.0839542  0.641796
(NM) 1300: f = 87464.7 at 4.67689e-07    0.572281    0.568094    0.612381   0.0333055   0.0814556   0.0658106   0.0207892   -0.119143   0.0859132    0.981283     1.40684   -0.967435    -1.41468   0.0362253   0.0452402   0.0842351    0.641446
(NM) 1320: f = 87464.7 at 4.68588e-07    0.572279    0.568095    0.612405   0.0332817   0.0814371   0.0657965   0.0208168   -0.119154   0.0859031    0.981266     1.40683    -0.96741    -1.41468   0.0362295    0.045238   0.0842295    0.641396
(NM) 1340: f = 87464.7 at 4.73733e-07    0.572288    0.568095    0.612669    0.033109   0.0811923   0.0657724   0.0206731    -0.11923   0.0858425    0.981279     1.40671   -0.967294    -1.41467   0.0362463   0.0453175   0.0841437    0.641714
(NM) 1360: f = 87464.7 at 4.68828e-07    0.572333    0.568097    0.612532    0.033257   0.0814177   0.0659546   0.0207865   -0.119235   0.0858404    0.981446     1.40675   -0.967272    -1.41461   0.0362223   0.0453187   0.0841769    0.641234
(NM) 1380: f = 87464.7 at 4.6933e-07   0.572301   0.568112   0.612678  0.0332018  0.0813554  0.0658163  0.0207209  -0.119201  0.0858697   0.981428    1.40674  -0.967281   -1.41472  0.0362024  0.0452924  0.0842862    0.64138
(NM) 1400: f = 87464.7 at 4.70231e-07    0.572331    0.568104    0.612732   0.0331388   0.0813846   0.0658719    0.020638   -0.119235   0.0858407    0.981447     1.40686   -0.967311    -1.41477   0.0362196   0.0452958    0.084309    0.641306
(NM) 1420: f = 87464.7 at 4.70231e-07    0.572331    0.568104    0.612732   0.0331388   0.0813846   0.0658719    0.020638   -0.119235   0.0858407    0.981447     1.40686   -0.967311    -1.41477   0.0362196   0.0452958    0.084309    0.641306
(NM) 1440: f = 87464.7 at 4.65569e-07    0.572315     0.56805    0.612543   0.0332968   0.0814641   0.0660708    0.020712   -0.119205   0.0858595    0.981582     1.40698   -0.967357    -1.41481   0.0362036   0.0452925    0.084356    0.641327
(NM) 1460: f = 87464.7 at 4.68878e-07    0.572329    0.568073    0.612567   0.0332469   0.0814806    0.065975   0.0207138   -0.119219   0.0858476    0.981411     1.40695   -0.967378     -1.4148   0.0362203   0.0452509   0.0843309    0.641216
(NM) 1480: f = 87464.7 at 4.68878e-07    0.572329    0.568073    0.612567   0.0332469   0.0814806    0.065975   0.0207138   -0.119219   0.0858476    0.981411     1.40695   -0.967378     -1.4148   0.0362203   0.0452509   0.0843309    0.641216
(NM) 1500: f = 87464.7 at 4.69806e-07    0.572325    0.568042    0.612572   0.0333545   0.0814776   0.0661465   0.0207353   -0.119222   0.0858303    0.981515     1.40678   -0.967386    -1.41468   0.0361717     0.04522   0.0844104    0.640865
(NM) 1520: f = 87464.7 at 4.73871e-07    0.572363     0.56808    0.612734   0.0332279   0.0814264   0.0660697   0.0204981   -0.119243   0.0857939    0.981386     1.40686   -0.967525    -1.41479   0.0361977   0.0452655   0.0842714    0.641152
(NM) 1540: f = 87464.7 at 4.80004e-07    0.572344    0.568066    0.612931   0.0331244    0.081264   0.0659937   0.0204109   -0.119235   0.0857637    0.981372     1.40678   -0.967575    -1.41478   0.0361677   0.0451905   0.0844359     0.64093
(NM) 1560: f = 87464.7 at 4.82419e-07    0.572365    0.568048    0.612785   0.0332283   0.0813302   0.0661801   0.0205205   -0.119296   0.0857045    0.981275     1.40656   -0.967555    -1.41454   0.0361719   0.0451815   0.0843706    0.640705
(NM) 1580: f = 87464.7 at 4.86858e-07    0.572362    0.568055    0.612943   0.0331585   0.0811941   0.0661017   0.0204249   -0.119287   0.0857089    0.981274      1.4066   -0.967555    -1.41465    0.036151    0.045141   0.0843737    0.640544
(NM) 1600: f = 87464.7 at 4.80917e-07    0.572337    0.568076    0.612895   0.0330726   0.0812238   0.0660063   0.0204841    -0.11926   0.0857478      0.9813     1.40674   -0.967511    -1.41474   0.0361759   0.0451882   0.0845121    0.640806
(NM) 1620: f = 87464.7 at 4.86542e-07    0.572337    0.568066    0.612969   0.0329995   0.0811221   0.0659597   0.0204504   -0.119299   0.0857261    0.981199     1.40674   -0.967465    -1.41476   0.0361731   0.0451087   0.0846498     0.64062
(NM) 1640: f = 87464.7 at 4.86542e-07    0.572337    0.568066    0.612969   0.0329995   0.0811221   0.0659597   0.0204504   -0.119299   0.0857261    0.981199     1.40674   -0.967465    -1.41476   0.0361731   0.0451087   0.0846498     0.64062
(NM) 1660: f = 87464.7 at 4.82113e-07    0.572331    0.568098    0.612826   0.0330434   0.0812679   0.0660753   0.0205139   -0.119287   0.0857232    0.981275     1.40695   -0.967582    -1.41491   0.0361753    0.045149   0.0846989     0.64046
(NM) 1680: f = 87464.7 at 4.8511e-07   0.572346   0.568109    0.61292  0.0329411  0.0812305  0.0660817  0.0204939  -0.119332  0.0856859   0.981297    1.40698  -0.967536   -1.41494  0.0361672  0.0451111  0.0848883   0.640127
(NM) 1700: f = 87464.7 at 4.84106e-07     0.57234    0.568104    0.612823   0.0330352    0.081253   0.0662074   0.0205115   -0.119323   0.0857006    0.981393     1.40704   -0.967554    -1.41499   0.0361314   0.0450819   0.0850054    0.639841
(NM) 1720: f = 87464.7 at 4.82361e-07    0.572335    0.568089    0.612843   0.0331064   0.0812995   0.0661087   0.0205165   -0.119289   0.0857255    0.981305     1.40686    -0.96758    -1.41488   0.0361525   0.0451145   0.0847655     0.64034
(NM) 1740: f = 87464.7 at 4.82245e-07    0.572328    0.568107    0.612802   0.0330734   0.0812919   0.0662094   0.0205369   -0.119316   0.0857091    0.981388     1.40707   -0.967585    -1.41506   0.0361403   0.0451085   0.0849512    0.640023
(NM) 1760: f = 87464.7 at 4.83574e-07    0.572328    0.568105    0.612829   0.0330526   0.0812701   0.0662157   0.0204003   -0.119316   0.0857117    0.981492     1.40721   -0.967642    -1.41516   0.0361256   0.0450939   0.0850038    0.640078
(NM) 1780: f = 87464.7 at 4.80017e-07      0.5723    0.568079    0.612744    0.033221   0.0813013   0.0662501   0.0204315    -0.11928   0.0857586    0.981532     1.40712   -0.967652    -1.41514   0.0361102   0.0451166    0.084897    0.640478
(NM) 1800: f = 87464.7 at 4.83853e-07    0.572295    0.568096    0.612738     0.03325    0.081297    0.066378   0.0203163   -0.119303   0.0857164    0.981745     1.40726   -0.967784    -1.41526   0.0360769   0.0451331   0.0847918    0.640266
(NM) 1820: f = 87464.7 at 4.8153e-07   0.572287    0.56812   0.612741  0.0332088  0.0813497  0.0662205  0.0204122  -0.119293  0.0857312   0.981636    1.40719  -0.967737    -1.4152  0.0361131  0.0451759  0.0846671   0.640582
(NM) 1840: f = 87464.7 at 4.81546e-07    0.572269    0.568119    0.612567   0.0332744   0.0813931   0.0663944   0.0204336    -0.11932   0.0857111    0.981937     1.40741   -0.967759     -1.4153   0.0360869   0.0451791   0.0846964    0.640291
(NM) 1860: f = 87464.7 at 4.85005e-07     0.57229    0.568128     0.61262   0.0332287   0.0814496   0.0663328   0.0204786    -0.11937   0.0856733    0.981836     1.40729   -0.967715     -1.4152   0.0361095   0.0451623   0.0845823    0.640226
(NM) 1880: f = 87464.7 at 4.85005e-07     0.57229    0.568128     0.61262   0.0332287   0.0814496   0.0663328   0.0204786    -0.11937   0.0856733    0.981836     1.40729   -0.967715     -1.4152   0.0361095   0.0451623   0.0845823    0.640226
(NM) 1900: f = 87464.7 at 4.85005e-07     0.57229    0.568128     0.61262   0.0332287   0.0814496   0.0663328   0.0204786    -0.11937   0.0856733    0.981836     1.40729   -0.967715     -1.4152   0.0361095   0.0451623   0.0845823    0.640226
(NM) 1920: f = 87464.7 at 4.89089e-07    0.572279    0.568143    0.612758   0.0331298   0.0814016   0.0662489   0.0204282   -0.119389   0.0856421    0.981756     1.40727   -0.967769    -1.41526   0.0361117   0.0451321   0.0846499    0.640205
(NM) 1940: f = 87464.7 at 4.87867e-07    0.572275    0.568129    0.612767   0.0331937   0.0814774   0.0662612   0.0204901   -0.119375   0.0856522    0.981858     1.40732   -0.967768     -1.4153   0.0360984   0.0451122   0.0846084    0.640034
(NM) 1960: f = 87464.7 at 4.90438e-07    0.572248     0.56813    0.612816   0.0332005   0.0814876   0.0662109   0.0204694   -0.119386   0.0856387    0.981891     1.40731   -0.967826    -1.41536   0.0360951   0.0451014   0.0845247    0.640176
(NM) 1980: f = 87464.7 at 4.90265e-07    0.572251    0.568115    0.612796   0.0332038   0.0815308   0.0662224   0.0204872   -0.119403   0.0856308    0.981896     1.40735   -0.967813    -1.41539   0.0361109   0.0450975   0.0844975    0.640253
(NM) 2000: f = 87464.7 at 4.90265e-07    0.572251    0.568115    0.612796   0.0332038   0.0815308   0.0662224   0.0204872   -0.119403   0.0856308    0.981896     1.40735   -0.967813    -1.41539   0.0361109   0.0450975   0.0844975    0.640253
(NM) 2020: f = 87464.7 at 4.8819e-07    0.57225   0.568115   0.612761  0.0332092  0.0814974  0.0662561  0.0204443  -0.119378  0.0856506   0.981911    1.40742  -0.967837   -1.41543   0.036105  0.0451112  0.0845809   0.640311
(NM) 2040: f = 87464.7 at 4.894e-07   0.57225  0.568108  0.612795 0.0331841 0.0814721 0.0662713 0.0203849 -0.119387 0.0856373  0.981908   1.40749  -0.96788   -1.4155 0.0361095  0.045117 0.0845643  0.640425
(NM) 2060: f = 87464.7 at 4.8915e-07   0.572235   0.568103   0.612739  0.0331907  0.0815515  0.0662578  0.0204589    -0.1194  0.0856312   0.981981    1.40759  -0.967871   -1.41556  0.0361179   0.045091  0.0845811   0.640341
(NM) 2080: f = 87464.7 at 4.8915e-07   0.572235   0.568103   0.612739  0.0331907  0.0815515  0.0662578  0.0204589    -0.1194  0.0856312   0.981981    1.40759  -0.967871   -1.41556  0.0361179   0.045091  0.0845811   0.640341
(NM) 2100: f = 87464.7 at 4.88499e-07    0.572245    0.568099    0.612745   0.0332058   0.0815308   0.0663144   0.0204035   -0.119393   0.0856353    0.982005     1.40762   -0.967895    -1.41558   0.0361079   0.0451041   0.0846018    0.640352
(NM) 2120: f = 87464.7 at 4.89305e-07    0.572244    0.568083    0.612771   0.0332047    0.081525   0.0662992   0.0203965   -0.119398   0.0856291    0.981986     1.40758   -0.967896    -1.41556   0.0361149   0.0450982   0.0845621    0.640455
(NM) 2140: f = 87464.7 at 4.91298e-07     0.57224    0.568103    0.612775   0.0331959   0.0815501   0.0663022   0.0203995   -0.119415   0.0856109    0.982032     1.40761   -0.967927    -1.41559    0.036103   0.0450856   0.0845582    0.640276
(NM) 2160: f = 87464.7 at 4.90892e-07    0.572245    0.568101    0.612783   0.0331765   0.0815324   0.0662973   0.0203522   -0.119404   0.0856164    0.982003     1.40763    -0.96795     -1.4156   0.0361072   0.0450877   0.0845926    0.640351
(NM) 2180: f = 87464.7 at 4.93306e-07    0.572247    0.568103    0.612805   0.0331669   0.0815505   0.0662874   0.0203725   -0.119426   0.0855922       0.982      1.4076   -0.967953    -1.41557   0.0361079   0.0450742     0.08453    0.640261
(NM) 2200: f = 87464.7 at 4.91743e-07    0.572241    0.568104    0.612788   0.0331828   0.0815658   0.0662546   0.0204044   -0.119408   0.0856123    0.982018     1.40761   -0.967931    -1.41557   0.0361073    0.045071   0.0845412    0.640256
(NM) 2220: f = 87464.7 at 4.92501e-07    0.572246    0.568107    0.612806   0.0331744   0.0815333   0.0662661   0.0203741   -0.119408   0.0856074    0.981972     1.40756   -0.967947    -1.41555   0.0361027   0.0450722   0.0845631    0.640261
(NM) 2240: f = 87464.7 at 4.92319e-07    0.572235    0.568096    0.612783   0.0331901   0.0815916    0.066275    0.020353   -0.119413   0.0856035     0.98207     1.40771   -0.967999    -1.41567   0.0361075    0.045065   0.0845389    0.640366
(NM) 2260: f = 87464.7 at 4.91147e-07    0.572239    0.568101    0.612759   0.0332051   0.0815849   0.0662729   0.0203628   -0.119391   0.0856195    0.982048     1.40767   -0.967994    -1.41562   0.0361001   0.0450623   0.0845754    0.640292
(NM) 2280: f = 87464.7 at 4.9131e-07   0.572241   0.568108   0.612742  0.0332223  0.0815919  0.0662911  0.0203454  -0.119395  0.0856182   0.982093    1.40766  -0.968003    -1.4156  0.0360917  0.0450734  0.0845494   0.640291
(NM) 2300: f = 87464.7 at 4.90326e-07    0.572242    0.568101    0.612738   0.0332227   0.0816058   0.0662416   0.0203581   -0.119376   0.0856358    0.982044     1.40764   -0.967993    -1.41557   0.0360971   0.0450496   0.0846018    0.640309
(NM) 2320: f = 87464.7 at 4.92761e-07    0.572239    0.568106    0.612754   0.0332027    0.081611    0.066259    0.020339   -0.119409   0.0856056    0.982091     1.40768   -0.968014    -1.41561   0.0361009   0.0450603    0.084517    0.640338
(NM) 2340: f = 87464.7 at 4.90857e-07    0.572254    0.568097    0.612682   0.0332338   0.0816098   0.0662689   0.0203466   -0.119384   0.0856278     0.98207     1.40761   -0.967982    -1.41547   0.0360972   0.0450565   0.0845542    0.640324
(NM) 2360: f = 87464.7 at 4.91884e-07     0.57226    0.568107    0.612704   0.0332187   0.0816268   0.0662377   0.0203538   -0.119398   0.0856202     0.98206     1.40757   -0.967964    -1.41544   0.0360989   0.0450525    0.084524    0.640282
(NM) 2380: f = 87464.7 at 4.90847e-07    0.572248      0.5681    0.612691   0.0332342   0.0816383   0.0662039   0.0203274   -0.119381   0.0856368    0.982066      1.4076   -0.967998    -1.41548   0.0361023   0.0450522   0.0845277     0.64049
(NM) 2400: f = 87464.7 at 4.9138e-07   0.572254   0.568095   0.612707  0.0332215  0.0816423  0.0661877  0.0203226  -0.119395  0.0856307   0.982065    1.40759  -0.967971   -1.41546  0.0361117  0.0450549  0.0844863   0.640557
(NM) 2420: f = 87464.7 at 4.91917e-07    0.572251    0.568086    0.612702   0.0332328   0.0816487   0.0661926   0.0203274   -0.119404    0.085625     0.98208     1.40757   -0.967969    -1.41543   0.0361097    0.045046   0.0844899    0.640589
(NM) 2440: f = 87464.7 at 4.94191e-07    0.572262     0.56809    0.612787   0.0331884   0.0815759   0.0661516    0.020225   -0.119403    0.085618    0.982016      1.4075      -0.968     -1.4154   0.0361059   0.0450445   0.0844923    0.640701
(NM) 2460: f = 87464.7 at 4.94567e-07    0.572249    0.568081    0.612761   0.0332079   0.0816114   0.0661687   0.0202286   -0.119403   0.0856116    0.982093     1.40761    -0.96805    -1.41549   0.0361012   0.0450235   0.0845079    0.640675
(NM) 2480: f = 87464.7 at 4.96339e-07    0.572245    0.568079     0.61283   0.0331772     0.08159   0.0660646   0.0201422   -0.119411   0.0856132    0.982087      1.4076   -0.968067     -1.4155   0.0361077   0.0450166   0.0844727    0.640998
(NM) 2500: f = 87464.7 at 4.97254e-07    0.572251    0.568088    0.612847   0.0331682   0.0815544   0.0661145   0.0201617   -0.119416   0.0856005     0.98207     1.40755   -0.968055    -1.41547   0.0360948   0.0450158   0.0845096    0.640742
(NM) 2520: f = 87464.7 at 4.98646e-07    0.572253     0.56809    0.612867   0.0331318   0.0815203   0.0660425   0.0200773   -0.119414   0.0856035    0.982094     1.40756   -0.968073    -1.41545   0.0360917    0.044999    0.084553    0.640892
(NM) 2540: f = 87464.7 at 5.01346e-07    0.572257    0.568091    0.612893   0.0331041   0.0814747    0.066026   0.0200479   -0.119436   0.0855841    0.982161     1.40757   -0.968043    -1.41544   0.0360846   0.0449812   0.0845593    0.640808
(NM) 2560: f = 87464.7 at 4.9822e-07   0.572262    0.56809   0.612892  0.0330901  0.0814306  0.0660271  0.0200747  -0.119408  0.0856105   0.982092     1.4076  -0.967998   -1.41547  0.0360931  0.0450013  0.0846255   0.640831
(NM) 2580: f = 87464.7 at 5.01943e-07    0.572255    0.568092     0.61296   0.0330351   0.0813918   0.0658983   0.0199946   -0.119434   0.0855984    0.982191     1.40764   -0.967978    -1.41551   0.0360901   0.0449628   0.0846477     0.64098
(NM) 2600: f = 87464.7 at 5.02624e-07    0.572263    0.568083    0.612991   0.0329807   0.0812675   0.0658443   0.0199117   -0.119427   0.0856054    0.982221     1.40769   -0.967928    -1.41552   0.0360931   0.0449681   0.0846833    0.641161
(NM) 2620: f = 87464.7 at 5.02624e-07    0.572263    0.568083    0.612991   0.0329807   0.0812675   0.0658443   0.0199117   -0.119427   0.0856054    0.982221     1.40769   -0.967928    -1.41552   0.0360931   0.0449681   0.0846833    0.641161
(NM) 2640: f = 87464.7 at 4.98418e-07    0.572255    0.568096    0.612902   0.0330274   0.0813194   0.0658892   0.0200006   -0.119392   0.0856332    0.982252     1.40782    -0.96793    -1.41563   0.0360931   0.0449875   0.0846974    0.640995
(NM) 2660: f = 87464.7 at 4.99347e-07    0.572262     0.56809    0.612976   0.0329946    0.081252   0.0658417   0.0199431   -0.119398   0.0856321    0.982196     1.40776   -0.967908    -1.41561   0.0361009   0.0450023   0.0846657    0.641232
(NM) 2680: f = 87464.7 at 4.99347e-07    0.572262     0.56809    0.612976   0.0329946    0.081252   0.0658417   0.0199431   -0.119398   0.0856321    0.982196     1.40776   -0.967908    -1.41561   0.0361009   0.0450023   0.0846657    0.641232
(NM) 2700: f = 87464.7 at 4.99372e-07    0.572254    0.568102    0.612958   0.0330257   0.0813042   0.0658494    0.019953   -0.119393   0.0856319    0.982176     1.40772   -0.967966    -1.41559   0.0360958   0.0450067   0.0846188    0.641224
(NM) 2720: f = 87464.7 at 5.01817e-07    0.572267    0.568101    0.613002   0.0329846   0.0812459   0.0658117   0.0198811   -0.119406   0.0856158    0.982182     1.40771   -0.967961    -1.41556   0.0360978   0.0450068   0.0845794    0.641327
(NM) 2740: f = 87464.7 at 4.99712e-07    0.572263    0.568104    0.612965   0.0330028   0.0812417    0.065844   0.0199576   -0.119395   0.0856282    0.982148     1.40768   -0.967919    -1.41554   0.0360986   0.0450208   0.0846087    0.641222
(NM) 2760: f = 87464.7 at 5.00198e-07     0.57227    0.568106    0.612981   0.0329998   0.0812142   0.0657908   0.0199031   -0.119386   0.0856339    0.982179      1.4077   -0.967921    -1.41555   0.0360978   0.0450239   0.0845651    0.641366
(NM) 2780: f = 87464.7 at 4.99285e-07     0.57226    0.568108    0.612948    0.033018   0.0811972    0.065795   0.0199494   -0.119381   0.0856409    0.982253     1.40777   -0.967885    -1.41561   0.0360922    0.045023   0.0845911     0.64129
(NM) 2800: f = 87464.7 at 5.01911e-07    0.572262    0.568125    0.612988   0.0329781   0.0811973   0.0657448    0.019931   -0.119401   0.0856167    0.982242     1.40779   -0.967908    -1.41563   0.0360986   0.0450279   0.0844992    0.641325
(NM) 2820: f = 87464.7 at 5.01818e-07    0.572267    0.568123    0.612935    0.032995    0.081187   0.0657558   0.0199529    -0.11939   0.0856191    0.982269     1.40777   -0.967892    -1.41557   0.0360907   0.0450116   0.0845338    0.641189
(NM) 2840: f = 87464.7 at 5.03267e-07    0.572276    0.568129    0.612936   0.0329934   0.0811666   0.0657281   0.0199585   -0.119402   0.0856055    0.982281     1.40773   -0.967865    -1.41552   0.0360928   0.0450218   0.0844408    0.641231
(NM) 2860: f = 87464.7 at 5.00295e-07    0.572271    0.568116    0.612883   0.0330259   0.0811786   0.0657995   0.0200093   -0.119386    0.085624    0.982289     1.40776   -0.967842    -1.41554   0.0360907   0.0450244   0.0845291    0.641133
(NM) 2880: f = 87464.7 at 5.04493e-07    0.572277    0.568119    0.612939   0.0329569   0.0811033   0.0657154   0.0199584   -0.119418   0.0855927    0.982353      1.4078   -0.967804    -1.41555   0.0360949   0.0450097   0.0844818    0.641206
(NM) 2900: f = 87464.7 at 5.02908e-07    0.572275    0.568124    0.612906   0.0329943    0.081143   0.0657215   0.0199915   -0.119402   0.0856059    0.982325     1.40777   -0.967818    -1.41553   0.0360947   0.0450177   0.0844584    0.641211
(NM) 2920: f = 87464.7 at 5.03224e-07    0.572277    0.568112    0.612865   0.0330426   0.0811752   0.0657468   0.0200222   -0.119407   0.0855996    0.982358     1.40771   -0.967814    -1.41546   0.0360887   0.0450043    0.084431    0.641183
(NM) 2940: f = 87464.7 at 5.03224e-07    0.572277    0.568112    0.612865   0.0330426   0.0811752   0.0657468   0.0200222   -0.119407   0.0855996    0.982358     1.40771   -0.967814    -1.41546   0.0360887   0.0450043    0.084431    0.641183
(NM) 2960: f = 87464.7 at 5.02245e-07    0.572267    0.568103     0.61286   0.0330712   0.0812214   0.0657586   0.0200675   -0.119415   0.0856002    0.982381     1.40775   -0.967806    -1.41552   0.0360967   0.0450104   0.0843879     0.64126
(NM) 2980: f = 87464.7 at 5.02219e-07    0.572267    0.568102    0.612858   0.0330744   0.0812251   0.0657615    0.020068   -0.119415   0.0856002    0.982384     1.40775   -0.967808    -1.41552   0.0360963   0.0450091    0.084389    0.641261
(NM) 3000: f = 87464.7 at 5.01608e-07     0.57227    0.568099    0.612843   0.0330821    0.081223   0.0657981   0.0200958   -0.119416   0.0855981    0.982357     1.40773   -0.967796     -1.4155   0.0360984   0.0450182   0.0843896    0.641214
(NM) 3020: f = 87464.7 at 5.00696e-07    0.572267    0.568095    0.612811   0.0331068   0.0812412   0.0658529   0.0201003   -0.119405   0.0856021    0.982362     1.40776   -0.967831    -1.41553   0.0360922   0.0450156   0.0844252    0.641135
(NM) 3040: f = 87464.7 at 5.02861e-07    0.572272    0.568099    0.612836   0.0330973   0.0811947   0.0657925   0.0200686   -0.119413   0.0855915    0.982398     1.40774   -0.967817     -1.4155   0.0360877   0.0450095   0.0843771    0.641223
(NM) 3060: f = 87464.7 at 5.03897e-07     0.57227    0.568091    0.612881   0.0330643   0.0811769   0.0658305   0.0200278   -0.119432   0.0855739    0.982398     1.40784   -0.967847    -1.41561   0.0360929   0.0450107   0.0844045    0.641265
(NM) 3080: f = 87464.7 at 5.04596e-07    0.572269    0.568096     0.61282   0.0331195   0.0812075   0.0658245   0.0200689   -0.119427    0.085564    0.982454     1.40787   -0.967879    -1.41562    0.036085   0.0450026   0.0843274    0.641246
(NM) 3100: f = 87464.7 at 5.07133e-07    0.572266    0.568102    0.612913   0.0330717   0.0811314   0.0657552   0.0199709    -0.11943   0.0855601    0.982486     1.40792   -0.967906     -1.4157     0.03607    0.044976   0.0844139    0.641306
(NM) 3120: f = 87464.7 at 5.0475e-07   0.572263   0.568096   0.612858  0.0331163  0.0811963  0.0658089  0.0200373   -0.11942  0.0855734   0.982476     1.4079  -0.967901   -1.41568  0.0360693   0.044972  0.0844528   0.641189
(NM) 3140: f = 87464.7 at 5.03262e-07    0.572265     0.56808    0.612807   0.0331603   0.0812569   0.0658184   0.0201151   -0.119423   0.0855741     0.98247     1.40792   -0.967876    -1.41568   0.0360814   0.0449698   0.0844125    0.641276
(NM) 3160: f = 87464.7 at 5.06589e-07    0.572269    0.568091      0.6129   0.0331002   0.0811515   0.0657045   0.0200356   -0.119433   0.0855554    0.982467       1.408   -0.967892    -1.41578   0.0360826   0.0449685   0.0843775    0.641534
(NM) 3180: f = 87464.7 at 5.05681e-07    0.572278    0.568069    0.612908   0.0331417   0.0811839   0.0657683   0.0200948   -0.119449   0.0855411    0.982375     1.40799   -0.967897    -1.41582   0.0360943   0.0449752   0.0843597     0.64167
(NM) 3200: f = 87464.7 at 5.03448e-07    0.572267    0.568074    0.612893   0.0331733   0.0812427   0.0656857     0.02018   -0.119428   0.0855655    0.982351     1.40805   -0.967893    -1.41591   0.0360955   0.0449504   0.0844206    0.641744
(NM) 3220: f = 87464.7 at 5.04755e-07    0.572272    0.568067    0.612945   0.0331593   0.0812268   0.0656611    0.020112   -0.119432   0.0855666    0.982346     1.40797   -0.967901    -1.41585   0.0360861   0.0449278   0.0844803    0.641782
(NM) 3240: f = 87464.7 at 5.03781e-07    0.572275    0.568078    0.612932   0.0331895   0.0812972   0.0656699   0.0201564   -0.119418   0.0855714    0.982251     1.40791   -0.967956    -1.41582   0.0360834   0.0449243    0.084477    0.641717
(NM) 3260: f = 87464.7 at 5.0329e-07   0.572283   0.568065   0.612921  0.0331927  0.0812639  0.0656558  0.0201887  -0.119423  0.0855677   0.982232    1.40794  -0.967905   -1.41583  0.0360969   0.044934  0.0844464   0.641882
(NM) 3280: f = 87464.7 at 5.05326e-07     0.57228    0.568081     0.61301   0.0331395   0.0812175   0.0656275   0.0201101    -0.11943   0.0855617    0.982218     1.40795   -0.967944    -1.41588    0.036084   0.0449212   0.0845296    0.641822
(NM) 3300: f = 87464.7 at 5.04407e-07    0.572284    0.568065    0.612975   0.0331788   0.0812141   0.0656484   0.0201683   -0.119428   0.0855606    0.982195     1.40793   -0.967915    -1.41586   0.0360885   0.0449229   0.0845125    0.641895
(NM) 3320: f = 87464.7 at 5.02959e-07    0.572283    0.568072    0.612944    0.033189   0.0812285   0.0656471   0.0202116   -0.119416   0.0855709    0.982193     1.40796   -0.967904    -1.41589   0.0360874   0.0449216   0.0845503    0.641822
(NM) 3340: f = 87464.7 at 5.03358e-07    0.572295    0.568085    0.612965   0.0331554   0.0811684   0.0655927    0.020171   -0.119406   0.0855789     0.98214     1.40789   -0.967883    -1.41581   0.0360854   0.0449266   0.0845783    0.641871
(NM) 3360: f = 87464.7 at 5.00875e-07    0.572299     0.56808    0.612907   0.0331866    0.081175   0.0656671   0.0202483   -0.119398   0.0855875    0.982097     1.40783   -0.967834    -1.41575   0.0360899   0.0449493   0.0845813    0.641754
(NM) 3380: f = 87464.7 at 5.03657e-07    0.572302    0.568085    0.612997   0.0331321   0.0811206   0.0656138   0.0201462   -0.119413   0.0855742    0.982102     1.40786   -0.967867     -1.4158   0.0360852   0.0449373   0.0846104    0.641868
(NM) 3400: f = 87464.7 at 5.03657e-07    0.572302    0.568085    0.612997   0.0331321   0.0811206   0.0656138   0.0201462   -0.119413   0.0855742    0.982102     1.40786   -0.967867     -1.4158   0.0360852   0.0449373   0.0846104    0.641868
(NM) 3420: f = 87464.7 at 5.02173e-07    0.572304    0.568075    0.612965    0.033177   0.0811392   0.0656345   0.0202232   -0.119411    0.085576    0.982073     1.40785   -0.967838     -1.4158   0.0360905   0.0449437   0.0845888    0.641925
(NM) 3440: f = 87464.7 at 5.02484e-07    0.572295    0.568081     0.61295    0.033182   0.0811773   0.0656814   0.0201962   -0.119412   0.0855748    0.982143     1.40787   -0.967878    -1.41581   0.0360812    0.044943   0.0845811    0.641751
(NM) 3460: f = 87464.7 at 5.0462e-07   0.572303   0.568087    0.61299  0.0331778  0.0811082  0.0656293  0.0201744  -0.119425  0.0855623   0.982177    1.40784  -0.967844    -1.4158  0.0360702  0.0449328  0.0845851   0.641813
(NM) 3480: f = 87464.7 at 5.02516e-07    0.572299    0.568077    0.612957    0.033203   0.0811509   0.0657107   0.0202132   -0.119422     0.08557    0.982156     1.40783   -0.967841    -1.41579   0.0360752   0.0449478   0.0845915    0.641736
(NM) 3500: f = 87464.7 at 5.03827e-07    0.572311    0.568086    0.612979   0.0332016    0.081126   0.0656609   0.0202047   -0.119425   0.0855636    0.982133     1.40775   -0.967826    -1.41572   0.0360699   0.0449436   0.0845656    0.641773
(NM) 3520: f = 87464.7 at 5.03829e-07    0.572314     0.56809    0.612985   0.0332133   0.0811036   0.0656932     0.02021   -0.119436   0.0855593    0.982171     1.40775   -0.967799    -1.41574   0.0360608   0.0449496   0.0845945    0.641704
(NM) 3540: f = 87464.7 at 5.01868e-07    0.572312    0.568099     0.61299   0.0332098   0.0811414   0.0656942   0.0202444   -0.119429   0.0855715    0.982109     1.40777   -0.967802    -1.41578   0.0360694   0.0449663   0.0846007    0.641717
(NM) 3560: f = 87464.7 at 5.0116e-07   0.572316   0.568079   0.612944  0.0332608   0.081196  0.0657522  0.0202872  -0.119433  0.0855669   0.982104    1.40771  -0.967801   -1.41571  0.0360722  0.0449631  0.0845629   0.641712
(NM) 3580: f = 87464.7 at 5.01851e-07    0.572309    0.568097    0.612958   0.0332346   0.0812345   0.0657056   0.0202423   -0.119431   0.0855672    0.982135     1.40781   -0.967865    -1.41579   0.0360731   0.0449607   0.0845373    0.641741
(NM) 3600: f = 87464.7 at 4.99361e-07    0.572317    0.568106    0.612912   0.0333002    0.081321   0.0657431   0.0203506   -0.119424    0.085572    0.982086      1.4078    -0.96787    -1.41581   0.0360715   0.0449694   0.0845227    0.641654
(NM) 3620: f = 87464.7 at 4.98092e-07    0.572318    0.568108    0.612902   0.0333269   0.0813464   0.0657826   0.0203956   -0.119431   0.0855709    0.982093     1.40784   -0.967859    -1.41587   0.0360702   0.0449794   0.0845396    0.641625
(NM) 3640: f = 87464.7 at 4.99988e-07    0.572315    0.568105    0.612882   0.0333629    0.081389   0.0658006   0.0203655    -0.11944   0.0855571    0.982182     1.40783   -0.967908    -1.41583   0.0360571    0.044961   0.0844834    0.641564
(NM) 3660: f = 87464.7 at 5.01167e-07    0.572328     0.56811    0.612906   0.0333622   0.0813521   0.0657443   0.0203616   -0.119444   0.0855461    0.982167     1.40787   -0.967909    -1.41588   0.0360536   0.0449496    0.084495    0.641695
(NM) 3680: f = 87464.7 at 5.00537e-07    0.572332     0.56811    0.612902     0.03337   0.0813762     0.06577   0.0203588   -0.119443   0.0855459    0.982141      1.4079    -0.96794    -1.41591   0.0360522   0.0449472    0.084538    0.641692
(NM) 3700: f = 87464.7 at 4.99403e-07    0.572338    0.568104    0.612882   0.0333987   0.0814028    0.065795   0.0203789    -0.11945    0.085542     0.98216       1.408   -0.967948    -1.41601   0.0360552   0.0449524   0.0845509    0.641805
(NM) 3720: f = 87464.7 at 4.99046e-07    0.572334     0.56809    0.612854   0.0334185   0.0814043   0.0658666   0.0203755   -0.119461   0.0855387     0.98223     1.40799   -0.967924    -1.41598   0.0360544   0.0449646   0.0845314    0.641759
(NM) 3740: f = 87464.7 at 4.97259e-07    0.572342    0.568104    0.612819   0.0334509   0.0814889   0.0659001   0.0203677   -0.119462   0.0855392    0.982267     1.40817   -0.967999    -1.41614   0.0360502   0.0449731   0.0845659    0.641814
(NM) 3760: f = 87464.7 at 4.98291e-07    0.572338    0.568085    0.612832   0.0333965    0.081386    0.065851    0.020328   -0.119455    0.085547    0.982259     1.40808   -0.967925    -1.41602   0.0360605   0.0449664   0.0845759    0.641889
(NM) 3780: f = 87464.7 at 4.98239e-07    0.572339    0.568099    0.612794    0.033426   0.0814299   0.0658503   0.0203459   -0.119461   0.0855399    0.982335     1.40817   -0.967945    -1.41609   0.0360559   0.0449728   0.0845283    0.641887
(NM) 3800: f = 87464.7 at 4.97101e-07    0.572345    0.568106    0.612769   0.0334425   0.0814395   0.0658569   0.0203637   -0.119457   0.0855482     0.98234     1.40814    -0.96792    -1.41604   0.0360534   0.0449842   0.0845288     0.64186
(NM) 3820: f = 87464.7 at 4.9768e-07   0.572345   0.568105   0.612772  0.0334261  0.0814112  0.0658049  0.0203165  -0.119456   0.085549   0.982378    1.40822  -0.967932    -1.4161  0.0360554  0.0449802  0.0845346    0.64204
(NM) 3840: f = 87464.7 at 4.96099e-07     0.57235    0.568106    0.612714   0.0334569   0.0814571   0.0658546   0.0203393   -0.119451   0.0855554    0.982388      1.4082   -0.967932    -1.41605   0.0360537   0.0449887    0.084542    0.641963
(NM) 3860: f = 87464.7 at 4.97536e-07     0.57236    0.568106    0.612763   0.0334385   0.0813974   0.0658262   0.0203018   -0.119455   0.0855462    0.982346     1.40819   -0.967938    -1.41606   0.0360489   0.0449793   0.0845832    0.642054
(NM) 3880: f = 87464.7 at 4.96767e-07    0.572346    0.568103    0.612747   0.0334623   0.0814505   0.0659048   0.0203036   -0.119457     0.08555    0.982384     1.40817   -0.967966    -1.41605   0.0360438   0.0449873    0.084573    0.641905
(NM) 3900: f = 87464.7 at 4.97216e-07    0.572355    0.568105    0.612769   0.0334266   0.0813994   0.0658204   0.0203042   -0.119449   0.0855535    0.982312     1.40814   -0.967935    -1.41602   0.0360537   0.0449833   0.0845703    0.642041
(NM) 3920: f = 87464.7 at 4.97211e-07    0.572352    0.568101    0.612746   0.0334556   0.0814301   0.0658631   0.0203004   -0.119451   0.0855485    0.982351     1.40817   -0.967969    -1.41604   0.0360472   0.0449791   0.0845715    0.642007
(NM) 3940: f = 87464.7 at 4.96621e-07    0.572352    0.568099    0.612748   0.0334502   0.0814245   0.0658721    0.020287   -0.119452   0.0855532    0.982361     1.40818    -0.96796    -1.41606   0.0360491   0.0449872   0.0845857     0.64204
(NM) 3960: f = 87464.7 at 4.96415e-07    0.572351    0.568105     0.61273   0.0334617   0.0814553    0.065879   0.0202824   -0.119448   0.0855547    0.982368      1.4082    -0.96799    -1.41606   0.0360456   0.0449854   0.0845857    0.642014
(NM) 3980: f = 87464.7 at 4.95758e-07    0.572349    0.568102    0.612739   0.0334457   0.0814308   0.0658621   0.0203018   -0.119443   0.0855634    0.982335     1.40816    -0.96795    -1.41603    0.036053    0.044992   0.0845859    0.642031
(NM) 4000: f = 87464.7 at 4.95461e-07    0.572351    0.568103     0.61272   0.0334541   0.0814408   0.0658589   0.0202817   -0.119436   0.0855681    0.982343     1.40817   -0.967971    -1.41602   0.0360504   0.0449905   0.0845983    0.642071
(NM) 4020: f = 87464.7 at 4.95907e-07    0.572351    0.568103    0.612716   0.0334552   0.0814264   0.0658416   0.0202752    -0.11944   0.0855647    0.982379      1.4082   -0.967962    -1.41604   0.0360499   0.0449901   0.0845838    0.642125
(NM) 4040: f = 87464.7 at 4.95395e-07    0.572354    0.568102    0.612728    0.033458    0.081426   0.0658521   0.0202839   -0.119436    0.085568    0.982323     1.40816   -0.967965    -1.41602   0.0360505   0.0449924   0.0846038    0.642129
(NM) 4060: f = 87464.7 at 4.94691e-07     0.57235      0.5681    0.612705    0.033479   0.0814503   0.0658669   0.0202827   -0.119428   0.0855742    0.982326     1.40816   -0.967993    -1.41603   0.0360475   0.0449906   0.0846168    0.642145
(NM) 4080: f = 87464.7 at 4.9503e-07    0.57235   0.568104   0.612711  0.0334968  0.0814565  0.0658543  0.0202983  -0.119432  0.0855686   0.982341    1.40818     -0.968   -1.41606  0.0360443   0.044991  0.0845907   0.642183
(NM) 4100: f = 87464.7 at 4.9503e-07    0.57235   0.568104   0.612711  0.0334968  0.0814565  0.0658543  0.0202983  -0.119432  0.0855686   0.982341    1.40818     -0.968   -1.41606  0.0360443   0.044991  0.0845907   0.642183
(NM) 4120: f = 87464.7 at 4.94782e-07    0.572343    0.568104    0.612717   0.0335009   0.0814621   0.0658622   0.0202991    -0.11943   0.0855715    0.982339     1.40819    -0.96801    -1.41608   0.0360436   0.0449928   0.0845942    0.642185
(NM) 4140: f = 87464.7 at 4.94329e-07    0.572344    0.568105    0.612708   0.0335198   0.0814679    0.065868   0.0203267   -0.119432   0.0855712    0.982343     1.40819   -0.967998    -1.41609   0.0360425   0.0449975   0.0845853    0.642193
(NM) 4160: f = 87464.7 at 4.94549e-07    0.572346    0.568104    0.612716   0.0335118   0.0814549   0.0658675   0.0203054   -0.119434   0.0855702    0.982346     1.40819   -0.967998    -1.41609   0.0360424   0.0449991   0.0845934    0.642224
(NM) 4180: f = 87464.7 at 4.94549e-07    0.572346    0.568104    0.612716   0.0335118   0.0814549   0.0658675   0.0203054   -0.119434   0.0855702    0.982346     1.40819   -0.967998    -1.41609   0.0360424   0.0449991   0.0845934    0.642224
(NM) 4200: f = 87464.7 at 4.93959e-07    0.572346    0.568103    0.612699   0.0335328   0.0814592   0.0658744   0.0203173   -0.119434   0.0855724     0.98236      1.4082   -0.967995     -1.4161   0.0360405   0.0450034   0.0845953    0.642268
(NM) 4220: f = 87464.7 at 4.94332e-07    0.572347    0.568103    0.612712   0.0335136   0.0814411   0.0658649   0.0203064   -0.119432   0.0855731    0.982338     1.40817   -0.967987    -1.41608   0.0360423   0.0450011   0.0846025    0.642249
(NM) 4240: f = 87464.7 at 4.94337e-07    0.572347    0.568103    0.612712    0.033513   0.0814402   0.0658639    0.020305   -0.119432   0.0855733    0.982339     1.40817   -0.967987    -1.41608   0.0360424   0.0450012   0.0846025    0.642251
(NM) 4260: f = 87464.7 at 4.9455e-07   0.572345   0.568103   0.612714  0.0335143  0.0814447  0.0658632  0.0203016  -0.119434  0.0855716   0.982355    1.40818  -0.967992   -1.41609  0.0360411  0.0449997  0.0845973   0.642247
(NM) 4280: f = 87464.7 at 4.9445e-07   0.572346   0.568104   0.612714  0.0335062  0.0814381  0.0658568  0.0202974  -0.119432  0.0855744   0.982346    1.40817  -0.967986   -1.41607  0.0360426  0.0450013  0.0846009   0.642249
(NM) 4300: f = 87464.7 at 4.94584e-07    0.572344    0.568103     0.61272   0.0335071   0.0814368   0.0658566   0.0202953   -0.119432   0.0855736    0.982345     1.40817    -0.96799    -1.41608   0.0360417   0.0449999   0.0846032    0.642254
(NM) 4320: f = 87464.7 at 4.94862e-07    0.572345    0.568105    0.612727   0.0335024   0.0814276   0.0658431   0.0202949   -0.119432   0.0855736    0.982339     1.40815   -0.967984    -1.41606   0.0360411   0.0449978   0.0846032    0.642254
(NM) 4340: f = 87464.7 at 4.9494e-07   0.572345   0.568104    0.61273  0.0335011  0.0814267  0.0658475  0.0202872  -0.119434  0.0855723   0.982345    1.40816  -0.967988   -1.41607  0.0360411  0.0449987  0.0846042   0.642266
(NM) 4360: f = 87464.7 at 4.95059e-07    0.572342    0.568106    0.612734    0.033497   0.0814267   0.0658396   0.0202803   -0.119433   0.0855739    0.982347     1.40816   -0.967992    -1.41607   0.0360407   0.0449975   0.0846044    0.642267
(NM) 4380: f = 87464.7 at 4.94533e-07    0.572343    0.568105    0.612713   0.0335072   0.0814433   0.0658488   0.0202972   -0.119431   0.0855759    0.982352     1.40816   -0.967988    -1.41606   0.0360415   0.0449983   0.0846017    0.642245
(NM) 4400: f = 87464.7 at 4.94692e-07    0.572342    0.568106    0.612723    0.033505   0.0814448   0.0658417   0.0203026   -0.119432   0.0855746    0.982344     1.40816   -0.967988    -1.41607   0.0360417   0.0449971   0.0845991    0.642246
(NM) 4420: f = 87464.7 at 4.94168e-07    0.572345    0.568106    0.612709   0.0335108   0.0814508   0.0658405   0.0203017   -0.119431   0.0855775    0.982345     1.40817   -0.967986    -1.41607   0.0360431   0.0450014   0.0846011    0.642293
(NM) 4440: f = 87464.7 at 4.95207e-07    0.572345    0.568106    0.612729   0.0334884   0.0814379   0.0658208   0.0202771   -0.119437   0.0855723    0.982357     1.40817   -0.967985    -1.41606   0.0360439   0.0449952   0.0845996    0.642301
(NM) 4460: f = 87464.7 at 4.955e-07  0.572341  0.568106  0.612741 0.0334856 0.0814562   0.06581 0.0202752 -0.119439 0.0855714  0.982349   1.40816    -0.968  -1.41606 0.0360445 0.0449903 0.0845934  0.642314
(NM) 4480: f = 87464.7 at 4.94946e-07    0.572347    0.568104     0.61273   0.0334996   0.0814762   0.0658159   0.0203092   -0.119442   0.0855702     0.98231     1.40813    -0.96799    -1.41603   0.0360471   0.0449905   0.0845981    0.642333
(NM) 4500: f = 87464.7 at 4.96082e-07    0.572343    0.568098    0.612755   0.0334904   0.0814661   0.0658344   0.0203103   -0.119458   0.0855582    0.982318     1.40811   -0.967981    -1.41603   0.0360459   0.0449834   0.0846037    0.642279
(NM) 4520: f = 87464.7 at 4.94881e-07    0.572343    0.568099    0.612719   0.0335184   0.0814806   0.0658329   0.0203427   -0.119448   0.0855689    0.982312     1.40807   -0.967967    -1.41599   0.0360434   0.0449836   0.0846204    0.642288
(NM) 4540: f = 87464.7 at 4.95365e-07    0.572346    0.568095    0.612729   0.0335084   0.0814789   0.0658226   0.0203211   -0.119455   0.0855638    0.982313     1.40809   -0.967976      -1.416   0.0360451   0.0449794   0.0846319    0.642362
(NM) 4560: f = 87464.7 at 4.95365e-07    0.572346    0.568095    0.612729   0.0335084   0.0814789   0.0658226   0.0203211   -0.119455   0.0855638    0.982313     1.40809   -0.967976      -1.416   0.0360451   0.0449794   0.0846319    0.642362
(NM) 4580: f = 87464.7 at 4.94873e-07    0.572344    0.568097    0.612715    0.033528   0.0814963   0.0658389   0.0203426   -0.119454   0.0855652    0.982316     1.40808   -0.967978      -1.416   0.0360433    0.044984   0.0846179    0.642333
(NM) 4600: f = 87464.7 at 4.95098e-07    0.572347    0.568097     0.61272   0.0335248   0.0814857   0.0658282   0.0203338   -0.119455   0.0855631    0.982315      1.4081   -0.967979    -1.41601   0.0360433    0.044983   0.0846227    0.642376
(NM) 4620: f = 87464.7 at 4.95229e-07    0.572348    0.568099    0.612722   0.0335165    0.081487   0.0658239   0.0203188   -0.119452   0.0855634    0.982321     1.40812    -0.96799    -1.41602   0.0360441   0.0449838    0.084614    0.642373
(NM) 4640: f = 87464.7 at 4.95104e-07    0.572347    0.568098     0.61272   0.0335258   0.0814892   0.0658288   0.0203193   -0.119455   0.0855629     0.98232     1.40811   -0.967992    -1.41602   0.0360429   0.0449848    0.084622    0.642415
(NM) 4660: f = 87464.7 at 4.95175e-07    0.572347      0.5681    0.612721   0.0335254   0.0814885   0.0658266   0.0203155   -0.119453   0.0855636    0.982321     1.40811   -0.967998    -1.41602   0.0360421   0.0449856   0.0846156    0.642406
(NM) 4680: f = 87464.7 at 4.95021e-07    0.572349    0.568099    0.612715   0.0335322   0.0814878   0.0658286   0.0203218   -0.119454   0.0855628    0.982312      1.4081   -0.967994    -1.41601   0.0360418   0.0449862   0.0846235    0.642433
(NM) 4700: f = 87464.7 at 4.95621e-07    0.572347      0.5681    0.612732   0.0335264   0.0814914   0.0658332   0.0203167   -0.119459   0.0855579    0.982314     1.40809   -0.968003    -1.41602   0.0360411   0.0449864   0.0846052      0.6424
(NM) 4720: f = 87464.7 at 4.95182e-07    0.572346    0.568097    0.612716   0.0335344   0.0815013   0.0658438   0.0203355   -0.119458   0.0855598     0.98231     1.40808   -0.967994      -1.416   0.0360423   0.0449847   0.0846123    0.642379
(NM) 4740: f = 87464.7 at 4.94676e-07    0.572346    0.568098    0.612702   0.0335442   0.0815078   0.0658546   0.0203439   -0.119454   0.0855624    0.982309     1.40808   -0.967996      -1.416   0.0360421   0.0449899   0.0846065    0.642372
(NM) 4760: f = 87464.7 at 4.95085e-07    0.572345    0.568099    0.612714   0.0335377   0.0815083   0.0658532   0.0203322   -0.119457   0.0855598    0.982311     1.40808   -0.968005      -1.416   0.0360416   0.0449899   0.0845998     0.64237
(NM) 4780: f = 87464.7 at 4.94893e-07    0.572346    0.568099    0.612709   0.0335337   0.0815118   0.0658562   0.0203304   -0.119455   0.0855611    0.982311     1.40809   -0.968006      -1.416   0.0360436   0.0449922   0.0845948     0.64236
(NM) 4800: f = 87464.7 at 4.94699e-07    0.572346      0.5681    0.612701   0.0335439   0.0815172   0.0658681   0.0203419   -0.119455   0.0855604    0.982303     1.40807   -0.968007    -1.41599   0.0360423   0.0449949   0.0845937     0.64235
(NM) 4820: f = 87464.7 at 4.9468e-07   0.572348   0.568099   0.612701  0.0335398  0.0815158  0.0658639    0.02034  -0.119455  0.0855599   0.982298    1.40808  -0.968006     -1.416  0.0360442  0.0449946  0.0845945   0.642367
(NM) 4840: f = 87464.7 at 4.94852e-07    0.572348    0.568099      0.6127   0.0335416   0.0815131   0.0658657   0.0203368   -0.119457    0.085558    0.982302     1.40808   -0.968009      -1.416   0.0360432   0.0449946   0.0845941    0.642376
(NM) 4860: f = 87464.7 at 4.9502e-07   0.572346     0.5681     0.6127  0.0335374  0.0815147  0.0658625  0.0203283  -0.119456  0.0855584   0.982306    1.40808  -0.968016   -1.41599   0.036043  0.0449935  0.0845927   0.642373
(NM) 4880: f = 87464.7 at 4.95198e-07    0.572346      0.5681      0.6127   0.0335324   0.0815076   0.0658602   0.0203317   -0.119456    0.085558    0.982309     1.40807   -0.968007    -1.41598   0.0360431   0.0449917   0.0845928    0.642345
(NM) 4900: f = 87464.7 at 4.95498e-07    0.572345    0.568102    0.612692   0.0335237   0.0815119   0.0658721   0.0203237   -0.119459   0.0855535    0.982318     1.40809   -0.968019    -1.41598    0.036044   0.0449937   0.0845845    0.642307
(NM) 4920: f = 87464.7 at 4.95931e-07    0.572345    0.568099    0.612692   0.0335176   0.0814884   0.0658494    0.020317   -0.119458   0.0855536    0.982326     1.40809   -0.968007    -1.41598   0.0360432   0.0449849   0.0846045    0.642345
(NM) 4940: f = 87464.7 at 4.9568e-07   0.572344   0.568098   0.612682   0.033525  0.0814952  0.0658611  0.0203227  -0.119458  0.0855538   0.982333     1.4081  -0.968009   -1.41598  0.0360427  0.0449862  0.0846068   0.642336
(NM) 4960: f = 87464.7 at 4.95598e-07    0.572343    0.568098     0.61268   0.0335272   0.0815078   0.0658706   0.0203355    -0.11946   0.0855524    0.982341     1.40811   -0.968007    -1.41599   0.0360429   0.0449858   0.0846011    0.642289
(NM) 4980: f = 87464.7 at 4.95706e-07    0.572342    0.568097    0.612674   0.0335294   0.0815034   0.0658747    0.020336   -0.119462   0.0855509    0.982347     1.40811   -0.968009    -1.41599   0.0360419   0.0449838   0.0846107    0.642292
(NM) 5000: f = 87464.7 at 4.95418e-07    0.572344    0.568099    0.612671   0.0335324   0.0815112   0.0658735    0.020349   -0.119461   0.0855513    0.982337     1.40811   -0.968005    -1.41599    0.036043   0.0449853   0.0846099    0.642289
(NM) 5020: f = 87464.7 at 4.95547e-07     0.57234    0.568102    0.612653   0.0335392   0.0815309   0.0658812   0.0203521   -0.119466   0.0855459    0.982361     1.40816   -0.968029    -1.41603   0.0360415   0.0449839   0.0846149    0.642299
(NM) 5040: f = 87464.7 at 4.95542e-07    0.572342    0.568103    0.612668   0.0335345   0.0815201   0.0658626   0.0203517   -0.119465    0.085549    0.982355     1.40814   -0.968012    -1.41602   0.0360413   0.0449828   0.0846187    0.642308
(NM) 5060: f = 87464.7 at 4.95542e-07    0.572342    0.568103    0.612668   0.0335345   0.0815201   0.0658626   0.0203517   -0.119465    0.085549    0.982355     1.40814   -0.968012    -1.41602   0.0360413   0.0449828   0.0846187    0.642308
(NM) 5080: f = 87464.7 at 4.95505e-07    0.572343    0.568105    0.612659   0.0335366   0.0815283   0.0658659   0.0203643   -0.119468    0.085546    0.982353     1.40816   -0.968016    -1.41603   0.0360419    0.044983   0.0846197    0.642299
(NM) 5100: f = 87464.7 at 4.95629e-07     0.57234    0.568105    0.612656   0.0335305    0.081525   0.0658726   0.0203495   -0.119466   0.0855467     0.98236     1.40816   -0.968024    -1.41603   0.0360422   0.0449852   0.0846137    0.642287
(NM) 5120: f = 87464.7 at 4.95433e-07    0.572342    0.568105    0.612668   0.0335323   0.0815198   0.0658603   0.0203527   -0.119464   0.0855501    0.982343     1.40814   -0.968014    -1.41602   0.0360422   0.0449854   0.0846167    0.642314
(NM) 5140: f = 87464.7 at 4.95701e-07     0.57234    0.568105    0.612666   0.0335282   0.0815171   0.0658637   0.0203517   -0.119467   0.0855473    0.982335     1.40812   -0.968019    -1.41601   0.0360423   0.0449844   0.0846255    0.642317
(NM) 5160: f = 87464.7 at 4.95675e-07    0.572342    0.568105    0.612677   0.0335178   0.0815045   0.0658511   0.0203568   -0.119466   0.0855483    0.982315     1.40812   -0.968006    -1.41601   0.0360448    0.044984    0.084632    0.642323
(NM) 5180: f = 87464.7 at 4.95675e-07    0.572342    0.568105    0.612677   0.0335178   0.0815045   0.0658511   0.0203568   -0.119466   0.0855483    0.982315     1.40812   -0.968006    -1.41601   0.0360448    0.044984    0.084632    0.642323
(NM) 5200: f = 87464.7 at 4.95904e-07    0.572339    0.568105     0.61268   0.0335081   0.0815029   0.0658517   0.0203488   -0.119466   0.0855478    0.982316     1.40812   -0.968011    -1.41601   0.0360456   0.0449833   0.0846327    0.642304
(NM) 5220: f = 87464.7 at 4.95489e-07    0.572341    0.568104    0.612673   0.0335132   0.0815019    0.065856   0.0203575   -0.119465   0.0855492    0.982311     1.40813   -0.968004    -1.41601   0.0360464   0.0449854   0.0846417    0.642321
(NM) 5240: f = 87464.7 at 4.95462e-07    0.572338    0.568104    0.612675   0.0335038    0.081493   0.0658618   0.0203482   -0.119464   0.0855508    0.982308     1.40813   -0.968006    -1.41601   0.0360475   0.0449887   0.0846458    0.642308
(NM) 5260: f = 87464.7 at 4.95107e-07    0.572339    0.568103    0.612665   0.0335148   0.0815035   0.0658651   0.0203591   -0.119464   0.0855524    0.982321     1.40814   -0.968001    -1.41602   0.0360464   0.0449872   0.0846508    0.642306
(NM) 5280: f = 87464.7 at 4.95407e-07    0.572338    0.568105    0.612681   0.0335026   0.0814934    0.065859   0.0203458   -0.119463   0.0855532    0.982316     1.40812   -0.968001    -1.41601   0.0360468   0.0449883   0.0846438    0.642291
(NM) 5300: f = 87464.7 at 4.95077e-07    0.572338    0.568104    0.612671   0.0335033   0.0815006   0.0658647   0.0203548   -0.119464   0.0855528    0.982313     1.40814   -0.968001    -1.41602   0.0360488   0.0449894   0.0846543      0.6423
(NM) 5320: f = 87464.7 at 4.95186e-07    0.572339    0.568104    0.612672   0.0335091   0.0815019   0.0658682   0.0203518   -0.119464   0.0855515    0.982315     1.40814   -0.968006    -1.41602   0.0360475   0.0449908    0.084643    0.642307
(NM) 5340: f = 87464.7 at 4.95417e-07    0.572338    0.568105    0.612679   0.0334986   0.0814926   0.0658643   0.0203407   -0.119465   0.0855516    0.982319     1.40814   -0.968005    -1.41602   0.0360477   0.0449904   0.0846472    0.642299
(NM) 5360: f = 87464.7 at 4.95561e-07    0.572338    0.568104    0.612687   0.0334989   0.0814908    0.065865   0.0203442   -0.119467   0.0855492    0.982307     1.40813   -0.968004    -1.41602    0.036048    0.044991   0.0846447    0.642309
(NM) 5380: f = 87464.7 at 4.95561e-07    0.572338    0.568104    0.612687   0.0334989   0.0814908    0.065865   0.0203442   -0.119467   0.0855492    0.982307     1.40813   -0.968004    -1.41602    0.036048    0.044991   0.0846447    0.642309
(NM) 5400: f = 87464.7 at 4.95592e-07    0.572338    0.568106    0.612686   0.0334931   0.0814862   0.0658632   0.0203353   -0.119467   0.0855493    0.982317     1.40815   -0.968006    -1.41603   0.0360483   0.0449925   0.0846468    0.642312
(NM) 5420: f = 87464.7 at 4.95724e-07    0.572338    0.568106    0.612689   0.0334946    0.081489   0.0658588   0.0203388   -0.119468   0.0855483    0.982313     1.40814   -0.968006    -1.41603   0.0360478   0.0449907   0.0846447    0.642314
(NM) 5440: f = 87464.7 at 4.95777e-07    0.572339    0.568105     0.61269   0.0334945   0.0814869   0.0658606   0.0203355   -0.119468    0.085548    0.982312     1.40813   -0.968006    -1.41602   0.0360478   0.0449912   0.0846427    0.642318
(NM) 5460: f = 87464.7 at 4.95761e-07     0.57234    0.568106    0.612688   0.0334953   0.0814909   0.0658585   0.0203416   -0.119471   0.0855464     0.98231     1.40814   -0.968004    -1.41602   0.0360481   0.0449912   0.0846457    0.642327
(NM) 5480: f = 87464.7 at 4.95719e-07    0.572339    0.568107    0.612687   0.0334944   0.0814939   0.0658568   0.0203396    -0.11947   0.0855481     0.98231     1.40812   -0.968004    -1.41601    0.036048   0.0449913   0.0846448    0.642321
(NM) 5500: f = 87464.7 at 4.95767e-07    0.572341    0.568106    0.612686   0.0334955   0.0814916   0.0658626   0.0203361   -0.119471   0.0855468    0.982311     1.40812   -0.968003      -1.416    0.036048   0.0449932   0.0846405    0.642326
(NM) 5520: f = 87464.7 at 4.95622e-07     0.57234    0.568106    0.612683   0.0334927   0.0814909   0.0658631   0.0203355    -0.11947   0.0855484    0.982314     1.40813   -0.968002    -1.41601   0.0360486   0.0449938   0.0846445    0.642318
(NM) 5540: f = 87464.7 at 4.95632e-07     0.57234    0.568107    0.612684   0.0334906   0.0814891   0.0658623   0.0203347   -0.119469   0.0855485    0.982313     1.40813   -0.968003    -1.41601   0.0360489   0.0449938   0.0846457    0.642317
(NM) 5560: f = 87464.7 at 4.95809e-07     0.57234    0.568107    0.612689   0.0334885   0.0814902   0.0658578   0.0203345   -0.119471   0.0855472    0.982309     1.40812   -0.968001    -1.41601    0.036049    0.044993   0.0846425    0.642319
(NM) 5580: f = 87464.7 at 4.95542e-07     0.57234    0.568106    0.612685   0.0334896   0.0814912   0.0658617   0.0203343   -0.119469     0.08555    0.982313     1.40813   -0.967999      -1.416   0.0360494   0.0449936   0.0846448    0.642312
(NM) 5600: f = 87464.7 at 4.95841e-07    0.572339    0.568107    0.612694   0.0334809   0.0814853   0.0658554   0.0203269    -0.11947   0.0855487    0.982308     1.40812   -0.967999      -1.416   0.0360498   0.0449936   0.0846443    0.642316
(NM) 5620: f = 87464.7 at 4.95712e-07     0.57234    0.568107    0.612688   0.0334843   0.0814924   0.0658563   0.0203318    -0.11947   0.0855487    0.982314     1.40813      -0.968    -1.41601   0.0360499   0.0449928   0.0846446    0.642313
(NM) 5640: f = 87464.7 at 4.95711e-07     0.57234    0.568107    0.612693   0.0334799   0.0814869   0.0658536   0.0203307   -0.119469   0.0855497    0.982309     1.40813   -0.967997    -1.41601   0.0360507   0.0449931   0.0846433    0.642307
(NM) 5660: f = 87464.7 at 4.9587e-07   0.572341   0.568107   0.612701  0.0334766  0.0814889  0.0658498  0.0203251   -0.11947   0.085549   0.982305    1.40812  -0.967998     -1.416  0.0360511  0.0449936   0.084635   0.642315
(NM) 5680: f = 87464.7 at 4.95924e-07    0.572342    0.568106    0.612701   0.0334771   0.0814865   0.0658476   0.0203282   -0.119471   0.0855482    0.982303     1.40812   -0.967996      -1.416   0.0360512   0.0449921   0.0846384     0.64232
(NM) 5700: f = 87464.7 at 4.95656e-07    0.572342    0.568105    0.612692   0.0334782    0.081493    0.065846   0.0203337   -0.119468     0.08555    0.982301     1.40813   -0.967996      -1.416   0.0360525   0.0449904   0.0846422    0.642322
(NM) 5720: f = 87464.7 at 4.9563e-07   0.572342   0.568106   0.612688  0.0334851  0.0814974  0.0658488  0.0203354  -0.119469  0.0855494   0.982307    1.40813  -0.967999     -1.416  0.0360511  0.0449913  0.0846389   0.642327
(NM) 5740: f = 87464.7 at 4.95889e-07    0.572341    0.568104    0.612696   0.0334771   0.0814875   0.0658483   0.0203234   -0.119469   0.0855484    0.982311     1.40814   -0.968003    -1.41602   0.0360515   0.0449905   0.0846414    0.642333
(NM) 5760: f = 87464.7 at 4.95879e-07    0.572341    0.568106    0.612687   0.0334837   0.0814955   0.0658457   0.0203235   -0.119468   0.0855485    0.982321     1.40815   -0.968009    -1.41601   0.0360502   0.0449901   0.0846333    0.642338
(NM) 5780: f = 87464.7 at 4.95972e-07     0.57234    0.568105    0.612688   0.0334724   0.0814933   0.0658383   0.0203082   -0.119466   0.0855496    0.982317     1.40815   -0.968017    -1.41601   0.0360523   0.0449898   0.0846348    0.642365
(NM) 5800: f = 87464.7 at 4.95992e-07    0.572339    0.568102    0.612686   0.0334817   0.0814884   0.0658483   0.0203023   -0.119466   0.0855487    0.982323     1.40816   -0.968026    -1.41602   0.0360502   0.0449909   0.0846362     0.64239
(NM) 5820: f = 87464.7 at 4.96237e-07    0.572339    0.568103     0.61269   0.0334702   0.0814802   0.0658402    0.020289   -0.119465   0.0855487    0.982322     1.40815   -0.968026      -1.416   0.0360513    0.044992   0.0846326    0.642401
(NM) 5840: f = 87464.7 at 4.96051e-07    0.572342    0.568105    0.612682    0.033485   0.0814934   0.0658476   0.0203033   -0.119469   0.0855452    0.982327     1.40817   -0.968029    -1.41602   0.0360501   0.0449948   0.0846254    0.642417
(NM) 5860: f = 87464.7 at 4.96051e-07    0.572342    0.568105    0.612682    0.033485   0.0814934   0.0658476   0.0203033   -0.119469   0.0855452    0.982327     1.40817   -0.968029    -1.41602   0.0360501   0.0449948   0.0846254    0.642417
(NM) 5880: f = 87464.7 at 4.96376e-07    0.572344    0.568103    0.612691   0.0334731   0.0814711   0.0658278   0.0202877   -0.119467   0.0855471    0.982319     1.40814   -0.968016    -1.41598   0.0360507    0.044993   0.0846289    0.642451
(NM) 5900: f = 87464.7 at 4.9657e-07   0.572341   0.568103   0.612684  0.0334804  0.0814899  0.0658341  0.0202918  -0.119471  0.0855431   0.982328    1.40815  -0.968033   -1.41599  0.0360495  0.0449899  0.0846257   0.642453
(NM) 5920: f = 87464.7 at 4.96457e-07    0.572343    0.568105    0.612683    0.033476    0.081481   0.0658305   0.0202986   -0.119472   0.0855442    0.982332     1.40814   -0.968014    -1.41598   0.0360497    0.044992   0.0846297    0.642429
(NM) 5940: f = 87464.7 at 4.96104e-07    0.572344    0.568106    0.612685   0.0334825    0.081489   0.0658495   0.0203148   -0.119476   0.0855409    0.982329     1.40817   -0.968015    -1.41602   0.0360506   0.0449988   0.0846258    0.642422
(NM) 5960: f = 87464.7 at 4.97014e-07    0.572341      0.5681    0.612706   0.0334664   0.0814575   0.0658192   0.0202958   -0.119471    0.085543    0.982332     1.40814   -0.968005    -1.41599   0.0360492   0.0449865   0.0846273    0.642425
(NM) 5980: f = 87464.7 at 4.97837e-07    0.572339      0.5681    0.612722   0.0334837   0.0814405    0.065819   0.0202834   -0.119481   0.0855328    0.982373     1.40816   -0.968019    -1.41603   0.0360411   0.0449903    0.084612     0.64252
(NM) 6000: f = 87464.7 at 4.9872e-07   0.572339   0.568104   0.612741  0.0334413  0.0814261  0.0657681  0.0202412  -0.119478  0.0855342   0.982381    1.40816   -0.96802   -1.41599  0.0360449  0.0449896  0.0845915   0.642565
(NM) 6020: f = 87464.7 at 4.98714e-07    0.572334    0.568099    0.612752   0.0334653   0.0813921   0.0658021   0.0202389   -0.119483   0.0855279    0.982406      1.4082   -0.968031    -1.41606   0.0360377   0.0450015   0.0845952    0.642654
(NM) 6040: f = 87464.7 at 4.99446e-07    0.572329    0.568099    0.612737   0.0334652   0.0814235   0.0658063   0.0202803   -0.119503   0.0855083    0.982458     1.40828   -0.968041    -1.41611   0.0360374   0.0449968   0.0845863    0.642651
(NM) 6060: f = 87464.7 at 4.98144e-07    0.572322    0.568102    0.612726    0.033473   0.0814034   0.0658241   0.0202801   -0.119489   0.0855219     0.98249     1.40829   -0.968031    -1.41612   0.0360328   0.0450172   0.0845798    0.642639
(NM) 6080: f = 87464.7 at 4.97254e-07    0.572326    0.568094    0.612688   0.0335049   0.0814218   0.0658206    0.020313   -0.119489   0.0855192    0.982515     1.40833   -0.968033    -1.41612   0.0360312   0.0450219   0.0845728    0.642798
(NM) 6100: f = 87464.7 at 4.9571e-07   0.572322   0.568096   0.612629  0.0335007  0.0814646  0.0658357  0.0203261  -0.119483  0.0855224   0.982557    1.40841  -0.968058   -1.41612  0.0360362  0.0450452  0.0845431   0.642868
(NM) 6120: f = 87464.7 at 4.93577e-07    0.572314    0.568086     0.61257   0.0335453   0.0814816   0.0658831   0.0203833   -0.119477   0.0855261    0.982595     1.40846   -0.968062    -1.41614   0.0360323   0.0450639   0.0845525    0.642964
(NM) 6140: f = 87464.7 at 4.93933e-07    0.572323    0.568091    0.612579   0.0335531   0.0815231   0.0658429    0.020424   -0.119477   0.0855317    0.982532     1.40834   -0.968026    -1.41604   0.0360335   0.0450323   0.0845722    0.642807
(NM) 6160: f = 87464.7 at 4.93795e-07    0.572323    0.568091    0.612575   0.0335543   0.0815262   0.0658449   0.0204303   -0.119478   0.0855319    0.982532     1.40834   -0.968023    -1.41604   0.0360337   0.0450331   0.0845739    0.642799
(NM) 6180: f = 87464.7 at 4.93395e-07    0.572318    0.568086    0.612591   0.0335641   0.0814644   0.0658518   0.0204172   -0.119477   0.0855285     0.98259     1.40841   -0.968022     -1.4161   0.0360264   0.0450653   0.0845443    0.643022
(NM) 6200: f = 87464.7 at 4.93117e-07    0.572316    0.568083    0.612567   0.0335707   0.0814879   0.0658662   0.0204377   -0.119481   0.0855276    0.982576     1.40837   -0.968023    -1.41606   0.0360274   0.0450616   0.0845634    0.643005
(NM) 6220: f = 87464.7 at 4.94654e-07    0.572319    0.568092     0.61264   0.0335545   0.0814752   0.0658189   0.0204502   -0.119498   0.0855187     0.98254     1.40827   -0.967989    -1.41601    0.036024   0.0450581   0.0845401    0.642997
(NM) 6240: f = 87464.7 at 4.93965e-07    0.572305    0.568084    0.612663   0.0335612   0.0814358   0.0658593   0.0203942   -0.119485   0.0855249    0.982512     1.40828   -0.968053    -1.41605   0.0360209    0.045087   0.0845362    0.643204
(NM) 6260: f = 87464.7 at 4.91798e-07    0.572309    0.568082    0.612599   0.0336059   0.0815069   0.0658472   0.0205294   -0.119492    0.085529    0.982464     1.40815   -0.967994    -1.41589   0.0360203    0.045089    0.084563     0.64325
(NM) 6280: f = 87464.7 at 4.93545e-07    0.572307    0.568082    0.612684   0.0335678   0.0814726   0.0658229   0.0204282   -0.119492   0.0855282    0.982405     1.40811   -0.968043     -1.4159   0.0360226   0.0450866    0.084553     0.64335
(NM) 6300: f = 87464.7 at 4.93545e-07    0.572307    0.568082    0.612684   0.0335678   0.0814726   0.0658229   0.0204282   -0.119492   0.0855282    0.982405     1.40811   -0.968043     -1.4159   0.0360226   0.0450866    0.084553     0.64335
(NM) 6320: f = 87464.7 at 4.92332e-07    0.572309    0.568083    0.612635   0.0335856   0.0815114   0.0658534   0.0204872   -0.119484   0.0855291    0.982443     1.40824   -0.968041      -1.416   0.0360266   0.0450796   0.0845513    0.643183
(NM) 6340: f = 87464.7 at 4.92176e-07    0.572304    0.568082    0.612661   0.0335825    0.081503   0.0658493   0.0204829   -0.119493   0.0855249    0.982413     1.40818   -0.968053    -1.41596    0.036025    0.045104   0.0845369    0.643384
(NM) 6360: f = 87464.7 at 4.9205e-07   0.572302   0.568089   0.612658  0.0335668  0.0815163  0.0658603  0.0204725  -0.119492  0.0855283   0.982394    1.40818  -0.968061   -1.41596  0.0360287  0.0451035  0.0845509   0.643292
(NM) 6380: f = 87464.7 at 4.92068e-07    0.572303    0.568082    0.612653   0.0335724   0.0815114   0.0658476     0.02051   -0.119497   0.0855216    0.982403     1.40819   -0.968045    -1.41596   0.0360283   0.0451024   0.0845494    0.643363
(NM) 6400: f = 87464.7 at 4.92068e-07    0.572303    0.568082    0.612653   0.0335724   0.0815114   0.0658476     0.02051   -0.119497   0.0855216    0.982403     1.40819   -0.968045    -1.41596   0.0360283   0.0451024   0.0845494    0.643363
(NM) 6420: f = 87464.7 at 4.92917e-07    0.572302    0.568084    0.612681   0.0335559   0.0814824   0.0658417   0.0204828     -0.1195   0.0855195    0.982404     1.40819   -0.968041    -1.41598   0.0360275   0.0450989   0.0845554    0.643331
(NM) 6440: f = 87464.7 at 4.92678e-07    0.572302    0.568083    0.612679   0.0335562   0.0814899   0.0658361   0.0204853   -0.119496    0.085521    0.982394      1.4082   -0.968051    -1.41598   0.0360291   0.0450994   0.0845508    0.643367
(NM) 6460: f = 87464.7 at 4.93411e-07    0.572297    0.568084    0.612705   0.0335257   0.0814636   0.0658194   0.0204807     -0.1195   0.0855188    0.982382     1.40818   -0.968035    -1.41597   0.0360309   0.0450956   0.0845672    0.643329
(NM) 6480: f = 87464.7 at 4.92956e-07    0.572298    0.568083    0.612685   0.0335372   0.0814746   0.0658249      0.0205   -0.119501   0.0855188    0.982384     1.40818   -0.968031    -1.41596   0.0360305   0.0450967   0.0845748    0.643345
(NM) 6500: f = 87464.7 at 4.9365e-07   0.572297   0.568084   0.612708  0.0335064  0.0814539  0.0658066  0.0204705  -0.119497  0.0855211   0.982367    1.40818  -0.968031   -1.41597  0.0360343  0.0450872  0.0845888   0.643296
(NM) 6520: f = 87464.7 at 4.93182e-07    0.572299    0.568084    0.612691   0.0335155   0.0814531    0.065813   0.0204569   -0.119491   0.0855265    0.982377     1.40819   -0.968035    -1.41596   0.0360332   0.0450912   0.0845895    0.643313
(NM) 6540: f = 87464.7 at 4.93795e-07    0.572302    0.568082     0.61269   0.0335088   0.0814486   0.0657875   0.0204627   -0.119494   0.0855232     0.98238     1.40819   -0.968022    -1.41595   0.0360341   0.0450772   0.0845998    0.643309
(NM) 6560: f = 87464.7 at 4.93208e-07    0.572299    0.568081    0.612687   0.0335058   0.0814266   0.0657946    0.020462   -0.119489   0.0855294    0.982364     1.40816   -0.968012    -1.41593   0.0360339   0.0450857   0.0846195    0.643331
(NM) 6580: f = 87464.7 at 4.92919e-07    0.572302    0.568083    0.612674   0.0335197   0.0814443   0.0657921   0.0204626   -0.119488   0.0855313    0.982366     1.40815   -0.968018    -1.41591   0.0360325   0.0450869   0.0846136    0.643364
(NM) 6600: f = 87464.7 at 4.92977e-07    0.572303    0.568082    0.612675   0.0335251   0.0814456   0.0657967   0.0204625   -0.119489   0.0855283    0.982383     1.40818   -0.968024    -1.41594   0.0360319   0.0450884   0.0846004    0.643379
(NM) 6620: f = 87464.7 at 4.93289e-07      0.5723    0.568083    0.612687   0.0335125   0.0814301   0.0657931   0.0204597   -0.119493   0.0855261    0.982374     1.40817   -0.968018    -1.41593   0.0360318   0.0450909   0.0846114    0.643384
(NM) 6640: f = 87464.7 at 4.93362e-07    0.572303    0.568083    0.612682   0.0335113   0.0814402   0.0657851     0.02047   -0.119493   0.0855248    0.982378     1.40819   -0.968015    -1.41595   0.0360335   0.0450841   0.0846094    0.643356
(NM) 6660: f = 87464.7 at 4.93353e-07    0.572301    0.568084    0.612682   0.0335117   0.0814298   0.0657873   0.0204675   -0.119495   0.0855238    0.982381     1.40818   -0.968013    -1.41594   0.0360319   0.0450895   0.0846147    0.643389
(NM) 6680: f = 87464.7 at 4.93637e-07    0.572301    0.568084    0.612696   0.0334995   0.0814141   0.0657719   0.0204499   -0.119493    0.085524    0.982378     1.40819   -0.968018    -1.41595   0.0360327   0.0450905   0.0846119    0.643432
(NM) 6700: f = 87464.7 at 4.93361e-07    0.572303    0.568086    0.612685   0.0335134   0.0814297   0.0657823    0.020465   -0.119497   0.0855213    0.982381      1.4082    -0.96802    -1.41595   0.0360317   0.0450941   0.0846083    0.643449
(NM) 6720: f = 87464.7 at 4.93192e-07    0.572302    0.568087    0.612686   0.0335085   0.0814383   0.0657821   0.0204587   -0.119494   0.0855234    0.982369      1.4082   -0.968034    -1.41596   0.0360334   0.0450964   0.0846047    0.643451
(NM) 6740: f = 87464.7 at 4.93444e-07    0.572302    0.568089    0.612693   0.0335019   0.0814274   0.0657809   0.0204513   -0.119496   0.0855228    0.982368      1.4082   -0.968028    -1.41597   0.0360336   0.0450949   0.0846107    0.643428
(NM) 6760: f = 87464.7 at 4.93477e-07    0.572303    0.568089    0.612691   0.0335017   0.0814244   0.0657789   0.0204466   -0.119495   0.0855228    0.982371     1.40821   -0.968031    -1.41597   0.0360334   0.0450946    0.084613     0.64344
(NM) 6780: f = 87464.7 at 4.93477e-07    0.572303    0.568089    0.612691   0.0335017   0.0814244   0.0657789   0.0204466   -0.119495   0.0855228    0.982371     1.40821   -0.968031    -1.41597   0.0360334   0.0450946    0.084613     0.64344
(NM) 6800: f = 87464.7 at 4.93361e-07    0.572303    0.568089    0.612691   0.0335029   0.0814311   0.0657755   0.0204547   -0.119495   0.0855226    0.982363      1.4082   -0.968031    -1.41596   0.0360339   0.0450954   0.0846114    0.643456
(NM) 6820: f = 87464.7 at 4.93317e-07    0.572302    0.568089    0.612688   0.0335012   0.0814269   0.0657778   0.0204564   -0.119495   0.0855236    0.982363      1.4082   -0.968026    -1.41596   0.0360339   0.0450946   0.0846196    0.643434
(NM) 6840: f = 87464.7 at 4.93295e-07    0.572303    0.568089    0.612687   0.0335027   0.0814315   0.0657737   0.0204624   -0.119495    0.085523    0.982361      1.4082   -0.968026    -1.41596   0.0360342   0.0450934   0.0846179    0.643442
(NM) 6860: f = 87464.7 at 4.93295e-07    0.572303    0.568089    0.612687   0.0335027   0.0814315   0.0657737   0.0204624   -0.119495    0.085523    0.982361      1.4082   -0.968026    -1.41596   0.0360342   0.0450934   0.0846179    0.643442
(NM) 6880: f = 87464.7 at 4.93158e-07    0.572303    0.568089    0.612683   0.0335097   0.0814354   0.0657774   0.0204693   -0.119495    0.085523    0.982361      1.4082   -0.968027    -1.41596   0.0360333   0.0450937    0.084618    0.643443
(NM) 6900: f = 87464.7 at 4.93021e-07    0.572303    0.568088    0.612677   0.0335159   0.0814341   0.0657837   0.0204654   -0.119493    0.085524    0.982368     1.40821    -0.96803    -1.41597   0.0360324    0.045095   0.0846168    0.643449
(NM) 6920: f = 87464.7 at 4.92923e-07    0.572303    0.568089    0.612679   0.0335181   0.0814388   0.0657834   0.0204719   -0.119493   0.0855244     0.98236      1.4082   -0.968031    -1.41597   0.0360326   0.0450948   0.0846166    0.643445
(NM) 6940: f = 87464.7 at 4.92923e-07    0.572303    0.568089    0.612676   0.0335185   0.0814374    0.065785    0.020477   -0.119493   0.0855244    0.982364      1.4082   -0.968026    -1.41597   0.0360323   0.0450933     0.08462    0.643423
(NM) 6960: f = 87464.7 at 4.92854e-07    0.572303    0.568089    0.612678   0.0335216   0.0814354   0.0657846   0.0204764   -0.119492   0.0855243    0.982362     1.40821    -0.96803    -1.41598   0.0360318   0.0450951   0.0846188    0.643447
(NM) 6980: f = 87464.7 at 4.92995e-07    0.572304    0.568089    0.612679   0.0335186   0.0814335    0.065779   0.0204705   -0.119492   0.0855247    0.982361     1.40821   -0.968029    -1.41597    0.036032    0.045093   0.0846208    0.643447
Generalized linear mixed model fit by maximum likelihood (Laplace
  Approximation) [glmerMod]
 Family: poisson  ( log )
Formula: gs ~ year + field + d_div + o_div + game_length + (1 | offense) +  
    (1 | defense) + (1 | game_id)
   Data: g
      AIC       BIC    logLik  deviance  df.resid 
 87500.69  87646.90 -43732.34  87464.69     24890 
Random effects:
 Groups  Name        Std.Dev.
 game_id (Intercept) 0.0000  
 defense (Intercept) 0.5723  
 offense (Intercept) 0.5681  
Number of obs: 24908, groups:  game_id, 12454; defense, 1333; offense, 1333
Fixed Effects:
      (Intercept)           year2012           year2013           year2014  
          0.61268            0.03352            0.08143            0.06578  
         year2015  fielddefense_home  fieldoffense_home             d_div2  
          0.02047           -0.11949            0.08552            0.98236  
           d_div3             o_div2             o_div3    game_length1 OT  
          1.40821           -0.96803           -1.41597            0.03603  
  game_length2 OT    game_length3 OT    game_length4 OT  
          0.04509            0.08462            0.64345  
Generalized linear mixed model fit by maximum likelihood (Laplace
  Approximation) [glmerMod]
 Family: poisson  ( log )
Formula: gs ~ year + field + d_div + o_div + game_length + (1 | offense) +  
    (1 | defense) + (1 | game_id)
   Data: g

     AIC      BIC   logLik deviance df.resid 
 87500.7  87646.9 -43732.3  87464.7    24890 

Scaled residuals: 
    Min      1Q  Median      3Q     Max 
-2.3886 -0.7202 -0.1109  0.5185  4.6428 

Random effects:
 Groups  Name        Variance Std.Dev.
 game_id (Intercept) 0.0000   0.0000  
 defense (Intercept) 0.3275   0.5723  
 offense (Intercept) 0.3227   0.5681  
Number of obs: 24908, groups:  game_id, 12454; defense, 1333; offense, 1333

Fixed effects:
                  Estimate Std. Error z value Pr(>|z|)    
(Intercept)        0.61268    0.06370   9.619  < 2e-16 ***
year2012           0.03352    0.07195   0.466   0.6413    
year2013           0.08143    0.07197   1.131   0.2579    
year2014           0.06578    0.07172   0.917   0.3591    
year2015           0.02047    0.07162   0.286   0.7750    
fielddefense_home -0.11949    0.01860  -6.426 1.31e-10 ***
fieldoffense_home  0.08552    0.01830   4.674 2.95e-06 ***
d_div2             0.98236    0.15221   6.454 1.09e-10 ***
d_div3             1.40821    0.14772   9.533  < 2e-16 ***
o_div2            -0.96803    0.15176  -6.379 1.79e-10 ***
o_div3            -1.41597    0.14728  -9.614  < 2e-16 ***
game_length1 OT    0.03603    0.01570   2.295   0.0217 *  
game_length2 OT    0.04509    0.02874   1.569   0.1167    
game_length3 OT    0.08462    0.07651   1.106   0.2687    
game_length4 OT    0.64345    0.29460   2.184   0.0290 *  
---
Signif. codes:  0 *** 0.001 ** 0.01 * 0.05 . 0.1   1

Correlation of Fixed Effects:
            (Intr) yr2012 yr2013 yr2014 yr2015 flddf_ fldff_ d_div2 d_div3
year2012    -0.569                                                        
year2013    -0.569  0.504                                                 
year2014    -0.570  0.506  0.506                                          
year2015    -0.567  0.507  0.507  0.508                                   
filddfns_hm -0.239  0.002  0.001  0.001 -0.001                            
fildffns_hm -0.242  0.002  0.001  0.001 -0.001  0.884                     
d_div2      -0.092 -0.005 -0.001 -0.001 -0.001 -0.007 -0.012              
d_div3      -0.096 -0.004  0.001  0.002  0.002 -0.008 -0.015  0.845       
o_div2      -0.080  0.002 -0.003 -0.004 -0.006  0.001  0.006 -0.854 -0.809
o_div3      -0.084  0.004 -0.002 -0.002 -0.004 -0.001  0.006 -0.806 -0.941
gm_lngth1OT -0.030  0.002  0.002  0.001  0.001 -0.013 -0.006  0.001  0.003
gm_lngth2OT -0.018  0.002  0.006  0.004  0.004 -0.021 -0.014  0.007  0.009
gm_lngth3OT -0.004  0.000 -0.006 -0.005 -0.006  0.000 -0.001  0.005  0.006
gm_lngth4OT  0.002  0.000  0.000  0.000 -0.007 -0.001 -0.003  0.000 -0.001
            o_div2 o_div3 gm_1OT gm_2OT gm_3OT
year2012                                      
year2013                                      
year2014                                      
year2015                                      
filddfns_hm                                   
fildffns_hm                                   
d_div2                                        
d_div3                                        
o_div2                                        
o_div3       0.847                            
gm_lngth1OT  0.001  0.000                     
gm_lngth2OT -0.007 -0.006  0.066              
gm_lngth3OT -0.004 -0.005  0.022  0.016       
gm_lngth4OT  0.000 -0.001  0.001  0.002  0.000
[1] TRUE
